# Time	Cd	Cl	Cm
0.001	0.00225685	-0.0194	-0.00756963
0.002	0.00217214	-0.0260597	-0.0079922
0.003	0.00220824	-0.0342165	-0.00918977
0.004	0.00228828	-0.0424615	-0.010246
0.005	0.00240102	-0.0507412	-0.011012
0.006	0.00254439	-0.0592656	-0.0116128
0.007	0.0027237	-0.0680512	-0.0120659
0.008	0.00294598	-0.0770952	-0.0123726
0.009	0.00321014	-0.0864048	-0.0125322
0.01	0.00351716	-0.0959462	-0.0125527
0.011	0.003869	-0.105733	-0.0124239
0.012	0.00426551	-0.115669	-0.0121783
0.013	0.00470587	-0.125768	-0.0117889
0.014	0.00520102	-0.136109	-0.0112313
0.015	0.00573723	-0.146488	-0.0105953
0.016	0.00632048	-0.156912	-0.00983213
0.017	0.00695984	-0.167398	-0.00901049
0.018	0.00763692	-0.177873	-0.00820078
0.019	0.00836107	-0.188272	-0.00733519
0.02	0.00911156	-0.198498	-0.00649605
0.021	0.00989011	-0.208675	-0.00565423
0.022	0.0106341	-0.218153	-0.00495742
0.023	0.0113543	-0.227174	-0.00441715
0.024	0.0120632	-0.236277	-0.00392021
0.025	0.0127114	-0.244999	-0.00356264
0.026	0.0132372	-0.252658	-0.00337647
0.027	0.0137103	-0.260613	-0.00321179
0.028	0.0140772	-0.2682	-0.00315871
0.029	0.01432	-0.275916	-0.00310391
0.03	0.0144335	-0.283646	-0.00308629
0.031	0.014494	-0.290901	-0.00315274
0.032	0.0145442	-0.29776	-0.00316943
0.033	0.0146566	-0.305233	-0.00311696
0.034	0.0149067	-0.31228	-0.00302625
0.035	0.0152565	-0.319111	-0.00283357
0.036	0.0156768	-0.325807	-0.00253972
0.037	0.01605	-0.331157	-0.00226321
0.038	0.0163591	-0.33595	-0.00198917
0.039	0.0166071	-0.34051	-0.00172566
0.04	0.0167767	-0.344757	-0.00148201
0.041	0.0168346	-0.347706	-0.00121709
0.042	0.0168641	-0.35099	-0.00103082
0.043	0.0168255	-0.35346	-0.00080635
0.044	0.0167467	-0.355787	-0.00055653
0.045	0.0166521	-0.357633	-0.000389394
0.046	0.0164951	-0.358732	-0.00012868
0.047	0.0162884	-0.359068	0.00023129
0.048	0.0160288	-0.358774	0.00071235
0.049	0.0157409	-0.358213	0.00119523
0.05	0.0154153	-0.356986	0.0017216
0.051	0.0150573	-0.355411	0.0022392
0.052	0.0146635	-0.35373	0.00272338
0.053	0.0142301	-0.35161	0.00324923
0.054	0.013754	-0.348715	0.00393175
0.055	0.0132538	-0.345547	0.00460153
0.056	0.0127329	-0.342169	0.00523619
0.057	0.012194	-0.338559	0.00582509
0.058	0.0116327	-0.33471	0.00633482
0.059	0.011044	-0.330563	0.006801
0.06	0.0104256	-0.32603	0.0072538
0.061	0.00978491	-0.32111	0.00765594
0.062	0.00912043	-0.315762	0.00799889
0.063	0.00843736	-0.31	0.00825733
0.064	0.00773827	-0.30377	0.00847736
0.065	0.00701226	-0.297012	0.0086151
0.066	0.00623137	-0.288882	0.00824885
0.067	0.0055052	-0.281059	0.00855089
0.068	0.00472826	-0.272009	0.00884165
0.069	0.00397794	-0.262486	0.00929868
0.07	0.0032532	-0.252518	0.00970966
0.071	0.0025558	-0.24219	0.0101809
0.072	0.00189366	-0.23165	0.0107463
0.073	0.00129887	-0.219239	0.0107827
0.074	0.000750327	-0.20796	0.0111939
0.075	0.000222821	-0.195538	0.0118057
0.076	-0.000230659	-0.183144	0.0123822
0.077	-0.000619239	-0.170736	0.0129488
0.078	-0.000919119	-0.157343	0.0132356
0.079	-0.001183	-0.143691	0.0135414
0.08	-0.00138971	-0.130418	0.0138677
0.081	-0.00150925	-0.116606	0.0139664
0.082	-0.00156135	-0.102241	0.0139184
0.083	-0.00158195	-0.0885412	0.0140069
0.084	-0.00151224	-0.0740116	0.013907
0.085	-0.0013871	-0.0593968	0.0137783
0.086	-0.00123659	-0.0458879	0.0137919
0.087	-0.000950158	-0.030486	0.0134483
0.088	-0.0006501	-0.0163312	0.0132152
0.089	-0.000230099	-0.00126934	0.0127038
0.09	0.000206459	0.0127709	0.0123249
0.091	0.000765733	0.027696	0.0116951
0.092	0.00130407	0.0408902	0.0112803
0.093	0.00198597	0.0556444	0.0106682
0.094	0.00269092	0.0697078	0.0100088
0.095	0.00345031	0.0831941	0.0092954
0.096	0.00427041	0.0968723	0.00854923
0.097	0.00507655	0.109517	0.00788022
0.098	0.00591658	0.122058	0.0072707
0.099	0.00677593	0.134359	0.0066802
0.1	0.00761699	0.146046	0.00615498
0.101	0.00844768	0.157406	0.00567955
0.102	0.00925451	0.16826	0.00525817
0.103	0.0100469	0.178999	0.00483604
0.104	0.0107973	0.189483	0.00441733
0.105	0.011455	0.199097	0.00408878
0.106	0.0120621	0.208698	0.00378818
0.107	0.0125913	0.218347	0.00351553
0.108	0.0129835	0.227519	0.00326712
0.109	0.0132386	0.236073	0.00307264
0.11	0.0133895	0.244654	0.00300551
0.111	0.013416	0.253696	0.00296263
0.112	0.0133902	0.262276	0.00287529
0.113	0.0134257	0.270969	0.00270321
0.114	0.0136588	0.279439	0.00249887
0.115	0.0140715	0.287724	0.00220191
0.116	0.0145784	0.295278	0.00183046
0.117	0.0149919	0.300816	0.00143676
0.118	0.015419	0.30662	0.00109727
0.119	0.0157288	0.311425	0.000826397
0.12	0.0159114	0.315686	0.00056309
0.121	0.0159512	0.319858	0.000343435
0.122	0.0158447	0.323035	0.000145251
0.123	0.0156461	0.325467	-6.22639e-05
0.124	0.0154102	0.327172	-0.000338564
0.125	0.0151541	0.329522	-0.000567661
0.126	0.01492	0.331016	-0.000860953
0.127	0.0146773	0.331714	-0.00125766
0.128	0.0144334	0.331895	-0.00167999
0.129	0.0141719	0.331854	-0.00208876
0.13	0.0138573	0.33098	-0.00262232
0.131	0.013503	0.329408	-0.0032212
0.132	0.0131253	0.327677	-0.00373534
0.133	0.012695	0.325527	-0.00427101
0.134	0.0122265	0.32298	-0.00480785
0.135	0.0117267	0.319956	-0.00538778
0.136	0.0111947	0.316431	-0.00604554
0.137	0.0106359	0.312575	-0.00671422
0.138	0.0100572	0.308435	-0.00735383
0.139	0.0094649	0.304046	-0.00792287
0.14	0.00885619	0.299338	-0.00842727
0.141	0.00823023	0.294246	-0.00888165
0.142	0.00758845	0.288735	-0.00926676
0.143	0.00693403	0.282785	-0.00954833
0.144	0.00625796	0.276249	-0.00976653
0.145	0.00555246	0.269035	-0.00992266
0.146	0.00485949	0.261306	-0.0100311
0.147	0.00415119	0.252806	-0.0102135
0.148	0.00344906	0.243826	-0.010542
0.149	0.0027776	0.234508	-0.0108567
0.15	0.00211732	0.224172	-0.0109159
0.151	0.00151241	0.21382	-0.0110094
0.152	0.000915554	0.202522	-0.0113014
0.153	0.000369153	0.19103	-0.0117507
0.154	-0.000113107	0.179711	-0.012246
0.155	-0.000517618	0.166958	-0.0123893
0.156	-0.000869723	0.154299	-0.0125982
0.157	-0.00117638	0.141452	-0.0129618
0.158	-0.00141517	0.128504	-0.013311
0.159	-0.0015604	0.114785	-0.0134505
0.16	-0.00165269	0.10106	-0.0136009
0.161	-0.00168971	0.0872892	-0.0137761
0.162	-0.00162296	0.072762	-0.0137358
0.163	-0.00150552	0.058489	-0.0136961
0.164	-0.00131381	0.0439669	-0.013559
0.165	-0.00105332	0.0294722	-0.0134247
0.166	-0.00077644	0.0160995	-0.0134173
0.167	-0.000341963	0.000365283	-0.0130599
0.168	8.84562e-05	-0.01344	-0.0127896
0.169	0.000667168	-0.0287919	-0.012178
0.17	0.00119805	-0.0417215	-0.0118029
0.171	0.00189619	-0.0567977	-0.0111787
0.172	0.00262751	-0.0712414	-0.0104388
0.173	0.00339021	-0.084664	-0.00968082
0.174	0.00422542	-0.0985053	-0.0089055
0.175	0.00507366	-0.111775	-0.00814467
0.176	0.00591892	-0.124249	-0.00748052
0.177	0.00680449	-0.13675	-0.00684281
0.178	0.00768747	-0.148907	-0.00624179
0.179	0.00854847	-0.160492	-0.00569032
0.18	0.00938183	-0.171562	-0.005213
0.181	0.010196	-0.182461	-0.00476821
0.182	0.010961	-0.193066	-0.00434955
0.183	0.0116265	-0.202791	-0.00404872
0.184	0.0122378	-0.212434	-0.00378764
0.185	0.0127646	-0.222304	-0.00355106
0.186	0.0131384	-0.23165	-0.00335385
0.187	0.0133654	-0.240401	-0.00321351
0.188	0.0134848	-0.249269	-0.00318667
0.189	0.0134795	-0.258655	-0.0031663
0.19	0.0134635	-0.267651	-0.00308562
0.191	0.0135744	-0.276772	-0.00289726
0.192	0.0139146	-0.285646	-0.0026703
0.193	0.0144248	-0.294212	-0.00235742
0.194	0.014985	-0.301838	-0.00198482
0.195	0.0154428	-0.307735	-0.00160679
0.196	0.0159147	-0.314266	-0.00129403
0.197	0.0162012	-0.319249	-0.00104156
0.198	0.0163557	-0.323932	-0.000829822
0.199	0.0163463	-0.328205	-0.000619875
0.2	0.0162431	-0.33152	-0.000484247
0.201	0.0160718	-0.334748	-0.000300543
0.202	0.0159016	-0.33775	-0.000103763
0.203	0.0157392	-0.339932	0.000189477
0.204	0.015575	-0.34155	0.000517284
0.205	0.0154076	-0.342719	0.000850975
0.206	0.0152022	-0.343447	0.00121965
0.207	0.0149307	-0.343085	0.0017304
0.208	0.0146279	-0.342575	0.00218296
0.209	0.0142754	-0.341721	0.00263336
0.21	0.0138822	-0.340276	0.00308416
0.211	0.0134406	-0.338208	0.00362781
0.212	0.0129535	-0.335824	0.00420869
0.213	0.0124409	-0.33278	0.0048671
0.214	0.0119133	-0.329648	0.00542112
0.215	0.0113505	-0.325708	0.00616811
0.216	0.0107677	-0.321566	0.00688696
0.217	0.0101753	-0.317236	0.00752556
0.218	0.00957125	-0.31267	0.00806523
0.219	0.00895105	-0.307802	0.00850423
0.22	0.00831217	-0.302539	0.00886395
0.221	0.00764611	-0.296713	0.00922708
0.222	0.00691586	-0.29019	0.00899401
0.223	0.00623373	-0.28336	0.00929444
0.224	0.00550953	-0.275766	0.00953148
0.225	0.00477187	-0.267573	0.0097315
0.226	0.00406396	-0.258954	0.00987411
0.227	0.00336156	-0.249816	0.0102231
0.228	0.00266979	-0.240197	0.0106813
0.229	0.00199622	-0.229014	0.0106611
0.23	0.00139339	-0.218795	0.0109545
0.231	0.000798121	-0.207284	0.0113608
0.232	0.00024584	-0.195404	0.0119486
0.233	-0.00023474	-0.183691	0.0125165
0.234	-0.000623734	-0.170465	0.0126804
0.235	-0.00096587	-0.15763	0.0129826
0.236	-0.00125982	-0.1444	0.0133993
0.237	-0.00148545	-0.131205	0.0137989
0.238	-0.00161563	-0.117239	0.0139745
0.239	-0.00169172	-0.103161	0.0141234
0.24	-0.00172303	-0.0896185	0.0143619
0.241	-0.00163381	-0.0746969	0.0142521
0.242	-0.00150068	-0.0601437	0.0141378
0.243	-0.00129241	-0.0454888	0.0138822
0.244	-0.00101783	-0.0309228	0.0136357
0.245	-0.000686403	-0.0161192	0.0133123
0.246	-0.000264084	-0.00138032	0.0129169
0.247	0.000148484	0.0116981	0.0126851
0.248	0.000723439	0.0273035	0.0121665
0.249	0.00132337	0.0418429	0.0115366
0.25	0.00200653	0.0561235	0.0107771
0.251	0.00273703	0.0701824	0.00998699
0.252	0.0034536	0.0830306	0.00935634
0.253	0.00429341	0.0971102	0.00861612
0.254	0.00513105	0.110248	0.00787542
0.255	0.00596192	0.122554	0.00721978
0.256	0.0068138	0.134713	0.00663749
0.257	0.00767102	0.146634	0.00606363
0.258	0.00850359	0.158018	0.00554351
0.259	0.00930394	0.168891	0.00509738
0.26	0.0100832	0.17955	0.00468571
0.261	0.0108202	0.190026	0.00427442
0.262	0.0114646	0.199736	0.00395583
0.263	0.0120519	0.209435	0.00364831
0.264	0.0125379	0.218893	0.00341332
0.265	0.0128963	0.228282	0.00319829
0.266	0.0131057	0.236719	0.00303951
0.267	0.0132043	0.24574	0.00296604
0.268	0.0131978	0.254942	0.00294377
0.269	0.0131782	0.263817	0.00281646
0.27	0.0132906	0.273079	0.00259768
0.271	0.0136057	0.281202	0.00232316
0.272	0.0140971	0.289552	0.00203135
0.273	0.0146524	0.297281	0.0016432
0.274	0.0151149	0.303306	0.00126169
0.275	0.0154921	0.308706	0.000944243
0.276	0.0157475	0.313383	0.000675724
0.277	0.0158888	0.317888	0.000497331
0.278	0.0158675	0.321829	0.000326048
0.279	0.0157259	0.325172	0.000119592
0.28	0.0155311	0.328646	1.45866e-05
0.281	0.0153189	0.330706	-0.00028556
0.282	0.0151236	0.332791	-0.000581304
0.283	0.0149293	0.333851	-0.000963078
0.284	0.0147344	0.334799	-0.00130852
0.285	0.0144973	0.334777	-0.00177269
0.286	0.0142382	0.33452	-0.0022028
0.287	0.0139281	0.333828	-0.00266016
0.288	0.013556	0.332277	-0.0032515
0.289	0.0131571	0.330292	-0.00382984
0.29	0.0127252	0.32806	-0.00436279
0.291	0.0122473	0.325515	-0.00490334
0.292	0.0117432	0.322607	-0.00544124
0.293	0.0112155	0.31927	-0.00601569
0.294	0.0106646	0.315468	-0.00665384
0.295	0.0100931	0.311325	-0.00729322
0.296	0.00950531	0.306885	-0.00789573
0.297	0.0089027	0.302165	-0.00842143
0.298	0.00828251	0.297107	-0.0088681
0.299	0.00764754	0.291649	-0.00923775
0.3	0.00699515	0.285718	-0.00952067
0.301	0.00632001	0.279174	-0.00978288
0.302	0.00561521	0.272025	-0.00992976
0.303	0.004924	0.264356	-0.0100371
0.304	0.00421321	0.255927	-0.0102151
0.305	0.00350637	0.24702	-0.0105412
0.306	0.00282626	0.237738	-0.0108285
0.307	0.00215789	0.227485	-0.0108863
0.308	0.00154255	0.217182	-0.0109797
0.309	0.00093449	0.205906	-0.0112646
0.31	0.000375005	0.194401	-0.0117186
0.311	-0.000119882	0.183059	-0.0122209
0.312	-0.000535767	0.170271	-0.012368
0.313	-0.000901056	0.157575	-0.0126019
0.314	-0.00121907	0.144625	-0.0129884
0.315	-0.00146822	0.131662	-0.0133753
0.316	-0.00162144	0.117879	-0.0135467
0.317	-0.00171923	0.104009	-0.0137078
0.318	-0.00176959	0.090616	-0.0139736
0.319	-0.00170032	0.0758343	-0.0139139
0.32	-0.00158269	0.0613451	-0.0138543
0.321	-0.00139276	0.0467944	-0.0136836
0.322	-0.00112538	0.032203	-0.0134799
0.323	-0.000845788	0.0186729	-0.0134267
0.324	-0.000412809	0.00296997	-0.0130418
0.325	1.57555e-05	-0.0108602	-0.0127585
0.326	0.000591643	-0.0262354	-0.0121364
0.327	0.00111821	-0.0391704	-0.0117577
0.328	0.00182377	-0.0545277	-0.0110676
0.329	0.00255288	-0.0688726	-0.0102847
0.33	0.00329812	-0.0821106	-0.00955628
0.331	0.00412587	-0.0959274	-0.00880717
0.332	0.00497323	-0.109329	-0.00805601
0.333	0.00581601	-0.121829	-0.00738486
0.334	0.00668743	-0.134219	-0.0067731
0.335	0.00756084	-0.146321	-0.00619321
0.336	0.00841713	-0.157944	-0.00565063
0.337	0.00923629	-0.168947	-0.00519484
0.338	0.010037	-0.17975	-0.00478387
0.339	0.0107951	-0.190323	-0.00438822
0.34	0.0114736	-0.200339	-0.00405992
0.341	0.0120777	-0.210057	-0.00377342
0.342	0.0125911	-0.219685	-0.00354885
0.343	0.0129742	-0.229406	-0.00333931
0.344	0.0132003	-0.237795	-0.00321212
0.345	0.0133028	-0.247244	-0.00312922
0.346	0.0133038	-0.256511	-0.00311679
0.347	0.013285	-0.265732	-0.00299771
0.348	0.0134028	-0.274103	-0.00281473
0.349	0.0137521	-0.283584	-0.002598
0.35	0.0142667	-0.292031	-0.00230738
0.351	0.0148407	-0.299899	-0.00190292
0.352	0.0153468	-0.306356	-0.0015222
0.353	0.0157757	-0.312304	-0.00120153
0.354	0.0160606	-0.317336	-0.000934083
0.355	0.0162232	-0.32215	-0.000755481
0.356	0.0162206	-0.326448	-0.000588529
0.357	0.0161051	-0.330312	-0.000417986
0.358	0.0159428	-0.333645	-0.000277987
0.359	0.0157733	-0.335909	-9.55994e-06
0.36	0.0156214	-0.338696	0.000237935
0.361	0.0154864	-0.340772	0.000515034
0.362	0.015307	-0.341619	0.000924942
0.363	0.0151064	-0.342185	0.00131721
0.364	0.0148597	-0.342371	0.00171684
0.365	0.01454	-0.341475	0.00227285
0.366	0.0141954	-0.340482	0.00274218
0.367	0.0137992	-0.33906	0.00323273
0.368	0.0133712	-0.337335	0.00368237
0.369	0.0129045	-0.334923	0.00422788
0.37	0.0124047	-0.33204	0.00484424
0.371	0.0118747	-0.328716	0.00552676
0.372	0.0113273	-0.325234	0.00614078
0.373	0.0107592	-0.321289	0.00676664
0.374	0.0101749	-0.317016	0.00738503
0.375	0.00957513	-0.31247	0.00793921
0.376	0.00895008	-0.307543	0.00846675
0.377	0.00829172	-0.302697	0.00841211
0.378	0.00764828	-0.296804	0.00881986
0.379	0.00695422	-0.290366	0.00921921
0.38	0.0062467	-0.283451	0.00953171
0.381	0.00552393	-0.275941	0.00980842
0.382	0.00480697	-0.268011	0.00994571
0.383	0.00409177	-0.259424	0.0100783
0.384	0.0033829	-0.250365	0.0104142
0.385	0.00269164	-0.240792	0.0107633
0.386	0.00203258	-0.229677	0.010557
0.387	0.00142135	-0.219541	0.0108378
0.388	0.000814491	-0.208007	0.0112933
0.389	0.000264576	-0.196332	0.0118534
0.39	-0.000220337	-0.184825	0.0124567
0.391	-0.000623336	-0.171784	0.0127143
0.392	-0.000971189	-0.158856	0.0130138
0.393	-0.00127257	-0.145764	0.0134219
0.394	-0.00150567	-0.132637	0.0137878
0.395	-0.00164229	-0.118673	0.0139052
0.396	-0.00172368	-0.104712	0.0139989
0.397	-0.00175489	-0.0909513	0.0141725
0.398	-0.0016769	-0.0762268	0.014082
0.399	-0.00155237	-0.0619383	0.0140006
0.4	-0.00135077	-0.0473405	0.0138011
0.401	-0.00107362	-0.0324764	0.0135275
0.402	-0.000749471	-0.0178254	0.0132327
0.403	-0.000320397	-0.00301838	0.0127745
0.404	0.000140582	0.0115577	0.0123482
0.405	0.00069558	0.0262011	0.0118205
0.406	0.00129911	0.0405974	0.0112381
0.407	0.00195138	0.0545503	0.0106724
0.408	0.00269066	0.0688884	0.00997217
0.409	0.00342459	0.08216	0.0093471
0.41	0.00423089	0.0955675	0.00868016
0.411	0.0050687	0.108757	0.00798895
0.412	0.00590185	0.121208	0.00733783
0.413	0.0067298	0.133137	0.00677762
0.414	0.00757144	0.144902	0.00622272
0.415	0.00839343	0.156276	0.00571742
0.416	0.00918291	0.167168	0.00527324
0.417	0.00994438	0.177703	0.00486916
0.418	0.0106687	0.188074	0.00447017
0.419	0.0113303	0.198181	0.00408505
0.42	0.0118895	0.207452	0.00380097
0.421	0.0123787	0.216752	0.00355715
0.422	0.0127622	0.226381	0.00332771
0.423	0.0129911	0.235165	0.00314473
0.424	0.0130994	0.243837	0.00299242
0.425	0.013123	0.252817	0.00293185
0.426	0.0130973	0.262329	0.00280578
0.427	0.0131945	0.270672	0.0025636
0.428	0.0135016	0.279633	0.00229111
0.429	0.0139815	0.287933	0.00195387
0.43	0.0145324	0.29561	0.00156265
0.431	0.0150098	0.30181	0.00119439
0.432	0.015373	0.306929	0.000858598
0.433	0.0156779	0.312405	0.00059254
0.434	0.0157971	0.316465	0.000384046
0.435	0.0157899	0.320212	0.000197051
0.436	0.0156554	0.324105	5.20395e-05
0.437	0.0154606	0.327448	-9.72433e-05
0.438	0.015252	0.329838	-0.000316748
0.439	0.0150528	0.331558	-0.00063822
0.44	0.0148682	0.333298	-0.000956648
0.441	0.0146675	0.333985	-0.00137443
0.442	0.0144575	0.334547	-0.00174363
0.443	0.0141834	0.334045	-0.00226832
0.444	0.0138818	0.333236	-0.00276077
0.445	0.0135356	0.332029	-0.00325489
0.446	0.0131312	0.330191	-0.00384497
0.447	0.0126908	0.327915	-0.00446131
0.448	0.0122317	0.325276	-0.00504447
0.449	0.0117425	0.322395	-0.00557535
0.45	0.0112141	0.319105	-0.00614953
0.451	0.0106647	0.315544	-0.00670933
0.452	0.0100986	0.311599	-0.00728579
0.453	0.00951787	0.307274	-0.00786195
0.454	0.00891994	0.302618	-0.00840134
0.455	0.00830424	0.29762	-0.00887447
0.456	0.0076725	0.292247	-0.00925902
0.457	0.00702205	0.286375	-0.00960009
0.458	0.0063496	0.28005	-0.0097756
0.459	0.00567537	0.273171	-0.00991284
0.46	0.00496702	0.265434	-0.0100833
0.461	0.00426711	0.257246	-0.0103403
0.462	0.00356146	0.248527	-0.0106519
0.463	0.00287402	0.239304	-0.0108569
0.464	0.00220786	0.229349	-0.0109533
