/*--------------------------------*- C++ -*----------------------------------*\
| =========                 |                                                 |
| \\      /  F ield         | OpenFOAM: The Open Source CFD Toolbox           |
|  \\    /   O peration     | Version:  v2012                                 |
|   \\  /    A nd           | Website:  www.openfoam.com                      |
|    \\/     M anipulation  |                                                 |
\*---------------------------------------------------------------------------*/
FoamFile
{
    version     2.0;
    format      ascii;
    class       volScalarField;
    location    "1.571934130073674";
    object      T;
}
// * * * * * * * * * * * * * * * * * * * * * * * * * * * * * * * * * * * * * //

dimensions      [0 0 0 1 0 0 0];


internalField   nonuniform List<scalar> 
6720
(
263.147
263.149
263.117
263.148
263.12
263.11
263.149
263.118
263.112
263.098
263.149
263.118
263.111
263.1
263.088
263.149
263.117
263.111
263.098
263.09
263.079
263.149
263.117
263.11
263.097
263.087
263.081
263.071
263.15
263.118
263.11
263.096
263.085
263.076
263.073
263.065
263.15
263.12
263.11
263.095
263.082
263.074
263.068
263.067
263.061
263.15
263.122
263.111
263.094
263.08
263.07
263.064
263.061
263.063
263.059
263.15
263.126
263.114
263.095
263.079
263.066
263.058
263.056
263.056
263.061
263.058
263.15
263.13
263.117
263.098
263.079
263.063
263.052
263.048
263.05
263.053
263.062
263.059
263.15
263.135
263.122
263.102
263.081
263.061
263.047
263.04
263.04
263.046
263.053
263.063
263.062
263.15
263.14
263.128
263.109
263.085
263.062
263.043
263.032
263.03
263.034
263.044
263.054
263.066
263.065
263.15
263.146
263.135
263.116
263.092
263.066
263.042
263.025
263.018
263.021
263.031
263.044
263.056
263.069
263.069
263.15
263.152
263.143
263.126
263.101
263.073
263.044
263.021
263.008
263.007
263.015
263.03
263.046
263.06
263.073
263.074
263.15
263.158
263.151
263.136
263.113
263.083
263.05
263.02
263
262.992
262.997
263.012
263.031
263.05
263.065
263.079
263.078
263.15
263.164
263.159
263.147
263.126
263.096
263.06
263.024
262.995
262.979
262.979
262.991
263.012
263.034
263.054
263.07
263.084
263.083
263.15
263.169
263.167
263.159
263.141
263.112
263.074
263.033
262.995
262.969
262.96
262.968
262.989
263.014
263.038
263.06
263.075
263.089
263.088
263.15
263.174
263.175
263.171
263.156
263.13
263.092
263.047
263.001
262.965
262.945
262.945
262.962
262.989
263.018
263.044
263.066
263.081
263.095
263.093
263.15
263.179
263.182
263.182
263.172
263.149
263.114
263.067
263.014
262.967
262.933
262.922
262.932
262.959
262.991
263.024
263.051
263.072
263.086
263.1
263.097
263.15
263.184
263.189
263.192
263.187
263.169
263.137
263.091
263.034
262.977
262.929
262.903
262.902
262.924
262.959
262.996
263.03
263.058
263.079
263.092
263.104
263.101
263.15
263.188
263.195
263.202
263.202
263.19
263.163
263.119
263.061
262.995
262.934
262.891
262.875
262.887
262.92
262.962
263.003
263.038
263.065
263.085
263.097
263.109
263.105
263.15
263.192
263.2
263.211
263.216
263.209
263.188
263.15
263.093
263.023
262.95
262.889
262.853
262.851
262.877
262.921
262.968
263.011
263.046
263.072
263.09
263.101
263.112
263.108
263.15
263.196
263.205
263.219
263.228
263.228
263.214
263.182
263.129
263.058
262.976
262.898
262.841
262.818
262.832
262.872
262.925
262.976
263.02
263.054
263.078
263.096
263.106
263.116
263.11
263.15
263.199
263.209
263.226
263.24
263.245
263.238
263.214
263.169
263.1
263.013
262.921
262.842
262.794
262.788
262.818
262.872
262.932
262.986
263.029
263.062
263.084
263.1
263.109
263.119
263.113
263.15
263.202
263.212
263.233
263.25
263.26
263.261
263.246
263.209
263.146
263.059
262.957
262.858
262.784
262.75
262.763
262.811
262.876
262.941
262.996
263.038
263.069
263.09
263.105
263.112
263.121
263.116
263.151
263.204
263.215
263.238
263.258
263.274
263.282
263.275
263.249
263.195
263.112
263.006
262.891
262.79
262.725
262.711
262.745
262.809
262.883
262.951
263.006
263.047
263.076
263.095
263.108
263.115
263.124
263.118
263.152
263.206
263.218
263.242
263.266
263.286
263.3
263.303
263.287
263.245
263.171
263.066
262.94
262.815
262.718
262.67
262.679
262.734
262.812
262.893
262.962
263.016
263.055
263.081
263.099
263.112
263.118
263.127
263.121
263.153
263.209
263.221
263.246
263.272
263.296
263.316
263.327
263.323
263.294
263.232
263.133
263.004
262.861
262.733
262.646
262.62
262.654
262.729
262.819
262.904
262.973
263.025
263.062
263.087
263.103
263.115
263.121
263.13
263.123
263.156
263.212
263.223
263.25
263.278
263.305
263.33
263.349
263.355
263.34
263.293
263.207
263.08
262.927
262.771
262.646
262.577
262.577
262.637
262.73
262.829
262.916
262.984
263.034
263.068
263.092
263.107
263.119
263.124
263.132
263.126
263.159
263.215
263.226
263.253
263.282
263.312
263.342
263.367
263.384
263.382
263.352
263.282
263.166
263.01
262.835
262.673
262.558
262.513
262.544
262.628
262.736
262.841
262.928
262.994
263.042
263.074
263.097
263.112
263.122
263.127
263.135
263.128
263.163
263.219
263.23
263.257
263.287
263.319
263.352
263.383
263.409
263.42
263.407
263.356
263.256
263.107
262.921
262.729
262.568
262.472
262.457
262.519
262.626
262.745
262.853
262.939
263.004
263.049
263.081
263.102
263.116
263.125
263.13
263.137
263.131
263.169
263.224
263.234
263.261
263.291
263.324
263.361
263.397
263.43
263.453
263.457
263.427
263.348
263.213
263.026
262.814
262.612
262.461
262.392
262.412
262.503
262.628
262.756
262.865
262.95
263.013
263.057
263.087
263.107
263.12
263.129
263.133
263.14
263.133
263.178
263.23
263.238
263.265
263.296
263.33
263.368
263.408
263.448
263.482
263.501
263.492
263.438
263.324
263.148
262.926
262.691
262.488
262.357
262.32
262.376
262.494
262.634
262.767
262.877
262.962
263.023
263.065
263.093
263.112
263.124
263.132
263.136
263.142
263.135
263.192
263.241
263.245
263.27
263.3
263.335
263.375
263.418
263.463
263.506
263.539
263.55
263.522
263.435
263.279
263.058
262.803
262.555
262.362
262.258
262.26
262.35
262.492
262.643
262.78
262.891
262.974
263.033
263.073
263.099
263.117
263.127
263.135
263.138
263.145
263.137
263.218
263.259
263.254
263.277
263.305
263.34
263.381
263.426
263.476
263.526
263.572
263.602
263.599
263.543
263.414
263.208
262.943
262.662
262.411
262.237
262.169
262.21
262.333
262.493
262.655
262.794
262.905
262.986
263.043
263.081
263.106
263.122
263.131
263.138
263.141
263.147
263.14
263.294
263.287
263.27
263.287
263.313
263.346
263.387
263.434
263.487
263.543
263.599
263.646
263.668
263.643
263.549
263.368
263.108
262.805
262.506
262.264
262.119
262.091
262.172
262.323
262.501
262.669
262.81
262.919
262.999
263.053
263.089
263.112
263.126
263.135
263.141
263.144
263.149
263.142
263.469
263.364
263.294
263.303
263.322
263.353
263.393
263.441
263.496
263.557
263.622
263.682
263.727
263.734
263.678
263.532
263.292
262.98
262.646
262.342
262.119
262.01
262.026
262.143
262.321
262.511
262.685
262.827
262.935
263.011
263.063
263.097
263.118
263.131
263.138
263.144
263.146
263.151
263.144
264.499
263.534
263.377
263.329
263.339
263.364
263.401
263.448
263.504
263.569
263.64
263.713
263.777
263.814
263.797
263.694
263.486
263.183
262.826
262.472
262.176
261.981
261.916
261.973
262.125
262.324
262.525
262.703
262.845
262.951
263.024
263.073
263.104
263.123
263.135
263.142
263.147
263.149
263.153
263.146
264.563
264.499
263.553
263.412
263.366
263.381
263.412
263.457
263.512
263.579
263.656
263.738
263.818
263.882
263.904
263.849
263.684
263.405
263.041
262.649
262.29
262.012
261.856
261.833
261.933
262.114
262.332
262.542
262.723
262.864
262.967
263.037
263.083
263.112
263.129
263.139
263.145
263.15
263.151
263.155
263.148
264.594
264.563
263.469
263.587
263.452
263.41
263.429
263.468
263.522
263.588
263.668
263.758
263.852
263.939
263.997
263.991
263.879
263.639
263.286
262.87
262.458
262.106
261.858
261.744
261.766
261.901
262.109
262.343
262.562
262.745
262.884
262.983
263.05
263.093
263.119
263.135
263.144
263.149
263.152
263.153
263.157
263.15
264.636
264.594
263.534
263.294
263.629
263.498
263.461
263.486
263.533
263.599
263.679
263.774
263.879
263.985
264.075
264.117
264.064
263.878
263.552
263.13
262.676
262.259
261.927
261.718
261.647
261.707
261.875
262.109
262.359
262.585
262.768
262.905
263
263.063
263.103
263.126
263.14
263.148
263.152
263.155
263.155
263.159
263.151
264.686
264.636
263.553
263.364
263.218
263.675
263.55
263.519
263.552
263.611
263.691
263.788
263.9
264.022
264.139
264.225
264.235
264.113
263.833
263.421
262.943
262.469
262.062
261.762
261.59
261.555
261.653
261.855
262.116
262.379
262.61
262.792
262.926
263.017
263.076
263.112
263.133
263.145
263.152
263.155
263.157
263.157
263.161
263.153
264.742
264.686
263.587
263.377
263.287
263.192
263.729
263.611
263.587
263.631
263.704
263.801
263.917
264.051
264.19
264.315
264.383
264.336
264.12
263.738
263.249
262.733
262.258
261.876
261.606
261.467
261.468
261.606
261.843
262.128
262.404
262.638
262.818
262.947
263.034
263.088
263.121
263.14
263.15
263.155
263.158
263.16
263.159
263.163
263.155
264.806
264.742
263.629
263.413
263.294
263.259
263.178
263.79
263.681
263.668
263.725
263.816
263.934
264.073
264.23
264.387
264.509
264.54
264.404
264.073
263.592
263.046
262.512
262.055
261.696
261.452
261.345
261.387
261.566
261.839
262.146
262.432
262.667
262.845
262.969
263.05
263.101
263.13
263.146
263.155
263.159
263.16
263.162
263.161
263.164
263.156
264.879
264.806
263.675
263.452
263.329
263.27
263.241
263.169
263.861
263.765
263.765
263.838
263.951
264.094
264.26
264.442
264.612
264.717
264.675
264.419
263.965
263.403
262.822
262.296
261.854
261.513
261.295
261.225
261.312
261.534
261.843
262.17
262.464
262.699
262.873
262.991
263.067
263.113
263.139
263.153
263.16
263.163
263.163
263.164
263.163
263.166
263.158
264.963
264.879
263.729
263.498
263.366
263.303
263.254
263.23
263.163
263.943
263.865
263.88
263.974
264.113
264.286
264.485
264.692
264.865
264.923
264.764
264.364
263.8
263.181
262.596
262.074
261.647
261.323
261.136
261.106
261.244
261.512
261.855
262.2
262.499
262.733
262.901
263.013
263.083
263.125
263.147
263.159
263.164
263.166
263.166
263.166
263.165
263.167
263.159
265.06
264.963
263.79
263.55
263.41
263.339
263.287
263.245
263.224
263.159
264.04
263.987
264.019
264.139
264.309
264.519
264.753
264.982
265.136
265.096
264.78
264.236
263.587
262.949
262.357
261.845
261.427
261.128
260.977
260.997
261.185
261.5
261.875
262.235
262.537
262.768
262.929
263.035
263.099
263.136
263.155
263.165
263.168
263.169
263.168
263.168
263.167
263.169
263.161
265.173
265.06
263.861
263.611
263.461
263.381
263.322
263.277
263.238
263.219
263.156
264.154
264.129
264.186
264.338
264.548
264.801
265.073
265.31
265.402
265.203
264.706
264.039
263.353
262.695
262.103
261.6
261.198
260.929
260.822
260.894
261.137
261.5
261.903
262.276
262.579
262.804
262.958
263.056
263.115
263.147
263.163
263.171
263.172
263.172
263.17
263.17
263.168
263.17
263.162
265.308
265.174
263.943
263.681
263.519
263.429
263.364
263.313
263.27
263.234
263.215
263.153
264.289
264.3
264.389
264.58
264.838
265.141
265.447
265.664
265.616
265.206
264.538
263.807
263.083
262.417
261.832
261.338
260.962
260.728
260.668
260.801
261.101
261.51
261.939
262.321
262.623
262.841
262.986
263.077
263.13
263.158
263.171
263.176
263.176
263.175
263.173
263.172
263.17
263.171
263.163
265.467
265.308
264.04
263.765
263.587
263.486
263.412
263.353
263.305
263.265
263.23
263.212
263.152
264.454
264.506
264.636
264.877
265.193
265.551
265.875
266.001
265.725
265.083
264.313
263.521
262.782
262.117
261.541
261.067
260.719
260.527
260.522
260.718
261.078
261.532
261.983
262.37
262.668
262.878
263.015
263.098
263.145
263.168
263.178
263.181
263.18
263.178
263.175
263.173
263.171
263.173
263.164
265.658
265.467
264.154
263.865
263.668
263.552
263.468
263.401
263.346
263.3
263.261
263.226
263.209
263.151
264.661
264.757
264.938
265.241
265.627
266.038
266.336
266.248
265.675
264.873
264.008
263.193
262.451
261.795
261.233
260.785
260.472
260.329
260.387
260.649
261.071
261.564
262.035
262.424
262.716
262.916
263.043
263.119
263.159
263.178
263.186
263.186
263.184
263.18
263.177
263.175
263.172
263.174
263.166
265.886
265.658
264.289
263.987
263.765
263.631
263.533
263.457
263.393
263.34
263.296
263.257
263.223
263.206
263.15
264.914
265.064
265.31
265.69
266.158
266.603
266.749
266.31
265.494
264.547
263.647
262.827
262.094
261.451
260.913
260.495
260.223
260.136
260.261
260.594
261.078
261.608
262.094
262.481
262.765
262.954
263.071
263.138
263.172
263.188
263.192
263.191
263.187
263.183
263.178
263.176
263.174
263.175
263.167
266.162
265.887
264.454
264.129
263.88
263.725
263.611
263.522
263.448
263.387
263.335
263.291
263.253
263.221
263.204
263.15
265.228
265.441
265.77
266.252
266.802
267.204
266.977
266.181
265.135
264.143
263.239
262.428
261.71
261.093
260.582
260.199
259.974
259.947
260.149
260.557
261.101
261.663
262.156
262.542
262.814
262.991
263.099
263.157
263.185
263.197
263.199
263.195
263.19
263.185
263.18
263.178
263.175
263.176
263.168
266.496
266.162
264.661
264.3
264.019
263.838
263.704
263.599
263.512
263.441
263.381
263.33
263.287
263.25
263.218
263.202
263.15
265.619
265.91
266.351
266.953
267.569
267.649
266.951
265.775
264.674
263.679
262.789
261.999
261.31
260.719
260.242
259.899
259.727
259.771
260.053
260.54
261.139
261.729
262.227
262.604
262.864
263.029
263.125
263.175
263.198
263.206
263.205
263.199
263.193
263.187
263.182
263.179
263.176
263.177
263.169
266.905
266.497
264.914
264.506
264.186
263.974
263.816
263.691
263.588
263.504
263.434
263.375
263.324
263.282
263.246
263.215
263.199
263.15
266.108
266.503
267.085
267.852
268.286
267.83
266.463
265.235
264.136
263.164
262.306
261.551
260.892
260.334
259.894
259.597
259.487
259.608
259.976
260.543
261.192
261.805
262.302
262.669
262.914
263.065
263.151
263.192
263.211
263.214
263.21
263.203
263.196
263.189
263.183
263.18
263.177
263.178
263.17
267.407
266.905
265.228
264.757
264.389
264.139
263.951
263.801
263.679
263.579
263.496
263.426
263.368
263.319
263.278
263.242
263.212
263.196
263.15
266.73
267.255
268.091
268.818
268.843
267.175
265.809
264.597
263.541
262.62
261.804
261.085
260.462
259.94
259.541
259.295
259.251
259.461
259.92
260.567
261.261
261.887
262.381
262.734
262.964
263.101
263.175
263.21
263.222
263.222
263.216
263.207
263.198
263.191
263.185
263.182
263.178
263.179
263.17
268.029
267.407
265.619
265.064
264.636
264.338
264.113
263.934
263.788
263.668
263.569
263.487
263.418
263.361
263.312
263.272
263.238
263.209
263.192
263.15
267.501
268.342
269.225
270.008
267.849
266.37
265.034
263.904
262.922
262.054
261.285
260.607
260.021
259.539
259.184
258.996
259.031
259.332
259.889
260.61
261.345
261.978
262.464
262.8
263.013
263.136
263.198
263.226
263.233
263.23
263.221
263.211
263.201
263.193
263.186
263.183
263.179
263.179
263.171
268.824
268.029
266.108
265.441
264.938
264.58
264.309
264.094
263.917
263.774
263.656
263.557
263.476
263.408
263.352
263.305
263.266
263.233
263.205
263.188
263.15
268.653
269.585
271.274
268.434
266.869
265.424
264.229
263.195
262.286
261.477
260.755
260.118
259.572
259.131
258.826
258.704
258.825
259.227
259.885
260.676
261.443
262.077
262.55
262.866
263.061
263.169
263.221
263.242
263.244
263.237
263.225
263.214
263.203
263.194
263.187
263.184
263.179
263.18
263.172
270.018
268.824
266.73
265.91
265.31
264.877
264.548
264.286
264.073
263.9
263.758
263.64
263.543
263.463
263.397
263.342
263.296
263.258
263.226
263.2
263.184
263.15
269.876
272.893
268.885
267.26
265.741
264.499
263.427
262.486
261.647
260.892
260.217
259.622
259.116
258.72
258.469
258.417
258.637
259.148
259.91
260.762
261.551
262.182
262.637
262.932
263.109
263.2
263.243
263.257
263.254
263.243
263.23
263.217
263.205
263.196
263.188
263.185
263.18
263.181
263.173
271.53
270.018
267.501
266.503
265.77
265.241
264.838
264.519
264.26
264.051
263.879
263.738
263.622
263.526
263.448
263.383
263.33
263.286
263.25
263.219
263.195
263.179
263.15
274.341
269.185
267.521
265.977
264.7
263.607
262.644
261.784
261.007
260.304
259.673
259.119
258.655
258.307
258.115
258.148
258.471
259.1
259.961
260.869
261.67
262.291
262.724
262.997
263.154
263.231
263.265
263.271
263.263
263.25
263.234
263.22
263.207
263.197
263.189
263.185
263.181
263.181
263.173
278.243
271.53
268.653
267.255
266.351
265.69
265.193
264.801
264.485
264.23
264.022
263.852
263.713
263.599
263.506
263.43
263.367
263.316
263.274
263.24
263.211
263.189
263.174
263.15
269.594
267.733
266.127
264.842
263.729
262.757
261.883
261.091
260.369
259.713
259.125
258.611
258.191
257.893
257.769
257.895
258.332
259.089
260.041
260.995
261.8
262.404
262.812
263.061
263.197
263.261
263.285
263.284
263.272
263.255
263.238
263.222
263.209
263.199
263.19
263.186
263.182
263.182
263.174
269.71
278.243
269.876
268.342
267.085
266.252
265.627
265.141
264.753
264.442
264.19
263.985
263.818
263.682
263.572
263.482
263.409
263.349
263.3
263.26
263.228
263.202
263.182
263.169
263.15
267.843
266.297
264.926
263.812
262.825
261.945
261.142
260.408
259.734
259.121
258.573
258.1
257.724
257.481
257.43
257.661
258.226
259.113
260.151
261.138
261.937
262.519
262.899
263.123
263.238
263.29
263.304
263.297
263.28
263.261
263.242
263.225
263.21
263.2
263.191
263.187
263.182
263.182
263.174
268.533
269.71
274.341
269.585
268.091
266.953
266.158
265.551
265.073
264.692
264.387
264.139
263.939
263.777
263.646
263.539
263.453
263.384
263.327
263.282
263.245
263.216
263.192
263.175
263.164
263.15
266.316
265.037
263.858
262.869
261.973
261.164
260.419
259.733
259.101
258.528
258.017
257.585
257.257
257.073
257.108
257.453
258.158
259.174
260.288
261.292
262.082
262.635
262.985
263.182
263.278
263.317
263.322
263.309
263.288
263.266
263.245
263.227
263.212
263.201
263.192
263.188
263.183
263.183
263.175
267.153
268.533
269.594
272.893
269.225
267.852
266.802
266.038
265.447
264.982
264.612
264.315
264.075
263.882
263.727
263.602
263.501
263.42
263.355
263.303
263.261
263.228
263.202
263.182
263.167
263.158
263.15
265.021
263.936
262.886
261.988
261.162
260.408
259.709
259.063
258.469
257.932
257.459
257.068
256.789
256.673
256.804
257.277
258.137
259.275
260.452
261.463
262.231
262.751
263.069
263.238
263.317
263.344
263.339
263.32
263.295
263.271
263.248
263.229
263.213
263.202
263.193
263.188
263.183
263.183
263.175
265.816
267.153
267.843
269.185
271.274
268.818
267.569
266.603
265.875
265.31
264.865
264.509
264.225
263.997
263.814
263.668
263.55
263.457
263.382
263.323
263.275
263.238
263.209
263.187
263.171
263.159
263.152
263.15
263.907
262.952
261.987
261.155
260.381
259.671
259.01
258.398
257.837
257.334
256.898
256.549
256.324
256.281
256.521
257.139
258.162
259.415
260.639
261.644
262.384
262.867
263.15
263.292
263.355
263.368
263.355
263.33
263.302
263.275
263.251
263.231
263.215
263.203
263.194
263.189
263.184
263.184
263.176
264.7
265.816
266.316
267.733
268.885
270.008
268.286
267.204
266.336
265.664
265.136
264.717
264.383
264.117
263.904
263.734
263.599
263.492
263.407
263.34
263.287
263.246
263.214
263.19
263.172
263.159
263.151
263.146
263.15
262.885
262.041
261.14
260.358
259.623
258.946
258.316
257.734
257.204
256.733
256.334
256.03
255.863
255.904
256.265
257.049
258.237
259.592
260.84
261.835
262.537
262.98
263.227
263.345
263.391
263.391
263.37
263.34
263.308
263.279
263.254
263.233
263.216
263.204
263.194
263.189
263.184
263.184
263.176
263.696
264.7
265.022
266.297
267.521
268.434
268.843
267.649
266.749
266.001
265.402
264.923
264.54
264.235
263.991
263.797
263.643
263.522
263.427
263.352
263.294
263.249
263.214
263.188
263.169
263.156
263.147
263.143
263.14
263.15
261.958
261.184
260.331
259.585
258.878
258.229
257.625
257.069
256.568
256.129
255.767
255.511
255.41
255.544
256.046
257.016
258.365
259.807
261.065
262.032
262.69
263.091
263.299
263.397
263.424
263.413
263.384
263.349
263.314
263.283
263.256
263.235
263.217
263.204
263.195
263.19
263.185
263.184
263.176
262.771
263.695
263.907
265.037
266.127
267.26
267.849
267.83
266.977
266.248
265.616
265.096
264.675
264.336
264.064
263.849
263.678
263.543
263.438
263.356
263.293
263.245
263.209
263.182
263.163
263.149
263.141
263.136
263.135
263.135
263.15
261.09
260.368
259.547
258.828
258.144
257.515
256.934
256.403
255.928
255.521
255.199
254.994
254.963
255.204
255.872
257.042
258.546
260.05
261.303
262.232
262.842
263.196
263.371
263.445
263.456
263.433
263.397
263.357
263.32
263.287
263.259
263.236
263.218
263.205
263.195
263.19
263.185
263.185
263.177
261.905
262.771
262.885
263.936
264.926
265.977
266.869
267.175
266.951
266.31
265.725
265.203
264.764
264.404
264.113
263.879
263.694
263.549
263.435
263.348
263.282
263.232
263.195
263.169
263.15
263.137
263.13
263.126
263.126
263.128
263.13
263.15
260.265
259.578
258.781
258.081
257.413
256.803
256.241
255.733
255.285
254.91
254.629
254.483
254.529
254.893
255.758
257.139
258.778
260.314
261.553
262.434
262.991
263.295
263.441
263.491
263.486
263.452
263.409
263.365
263.325
263.29
263.261
263.237
263.219
263.206
263.196
263.19
263.185
263.185
263.177
261.081
261.905
261.958
262.952
263.858
264.842
265.741
266.37
266.463
266.181
265.675
265.206
264.78
264.419
264.12
263.878
263.684
263.532
263.414
263.324
263.256
263.207
263.171
263.146
263.129
263.119
263.114
263.112
263.113
263.116
263.122
263.126
263.15
259.468
258.804
258.023
257.339
256.683
256.089
255.545
255.057
254.636
254.295
254.061
253.978
254.109
254.621
255.711
257.307
259.059
260.608
261.811
262.635
263.135
263.392
263.508
263.535
263.513
263.47
263.421
263.372
263.329
263.293
263.263
263.239
263.22
263.206
263.196
263.191
263.185
263.185
263.177
260.285
261.08
261.091
262.041
262.886
263.812
264.7
265.424
265.81
265.775
265.494
265.083
264.706
264.364
264.073
263.833
263.639
263.486
263.368
263.279
263.213
263.166
263.133
263.112
263.1
263.093
263.091
263.092
263.096
263.101
263.109
263.117
263.122
263.15
258.688
258.04
257.271
256.597
255.95
255.369
254.843
254.376
253.982
253.678
253.496
253.477
253.702
254.405
255.749
257.548
259.378
260.92
262.074
262.834
263.271
263.486
263.571
263.575
263.539
263.487
263.431
263.379
263.334
263.296
263.264
263.24
263.221
263.207
263.197
263.191
263.186
263.185
263.177
259.506
260.285
260.266
261.184
261.987
262.869
263.729
264.499
265.034
265.235
265.135
264.873
264.538
264.236
263.965
263.738
263.552
263.405
263.292
263.208
263.148
263.107
263.08
263.066
263.059
263.058
263.061
263.067
263.074
263.083
263.092
263.102
263.114
263.12
263.149
257.917
257.281
256.519
255.852
255.213
254.643
254.133
253.689
253.324
253.06
252.938
252.981
253.318
254.26
255.883
257.854
259.724
261.246
262.338
263.029
263.399
263.577
263.63
263.613
263.563
263.502
263.441
263.385
263.338
263.298
263.266
263.241
263.222
263.207
263.197
263.191
263.186
263.185
263.178
258.735
259.506
259.468
260.368
261.14
261.988
262.825
263.607
264.229
264.597
264.674
264.547
264.313
264.039
263.8
263.592
263.421
263.286
263.183
263.108
263.058
263.026
263.01
263.004
263.006
263.013
263.023
263.034
263.047
263.06
263.073
263.085
263.098
263.111
263.118
263.149
257.154
256.52
255.763
255.102
254.467
253.908
253.415
252.994
252.661
252.446
252.386
252.481
252.975
254.213
256.114
258.224
260.106
261.582
262.6
263.214
263.527
263.663
263.686
263.648
263.585
263.516
263.45
263.391
263.341
263.3
263.268
263.242
263.222
263.208
263.197
263.192
263.186
263.185
263.178
257.972
258.735
258.688
259.578
260.331
261.155
261.973
262.757
263.427
263.904
264.136
264.143
264.008
263.807
263.587
263.403
263.249
263.13
263.041
262.98
262.943
262.926
262.921
262.927
262.94
262.957
262.976
262.995
263.014
263.033
263.05
263.066
263.081
263.095
263.11
263.117
263.149
256.387
255.755
255.002
254.342
253.713
253.165
252.688
252.293
251.994
251.843
251.828
251.97
252.701
254.289
256.443
258.642
260.511
261.923
262.859
263.388
263.65
263.744
263.737
263.681
263.606
263.529
263.458
263.396
263.344
263.302
263.269
263.243
263.223
263.208
263.198
263.192
263.186
263.185
263.178
257.202
257.972
257.918
258.804
259.547
260.358
261.162
261.945
262.644
263.195
263.541
263.679
263.647
263.521
263.353
263.181
263.047
262.943
262.87
262.826
262.805
262.803
262.814
262.835
262.861
262.891
262.921
262.95
262.977
263.001
263.024
263.044
263.062
263.079
263.094
263.11
263.117
263.149
255.616
254.982
254.231
253.573
252.948
252.411
251.956
251.584
251.334
251.257
251.24
251.468
252.539
254.5
256.854
259.093
260.933
262.266
263.109
263.557
263.767
263.819
263.785
263.711
263.625
263.541
263.465
263.401
263.347
263.304
263.27
263.244
263.223
263.209
263.198
263.192
263.186
263.186
263.179
256.429
257.202
257.154
258.04
258.781
259.585
260.381
261.164
261.883
262.486
262.922
263.164
263.239
263.193
263.083
262.949
262.822
262.733
262.676
262.649
262.646
262.662
262.691
262.729
262.771
262.815
262.858
262.898
262.934
262.967
262.995
263.02
263.042
263.061
263.079
263.095
263.11
263.118
263.148
254.837
254.199
253.448
252.791
252.171
251.647
251.215
250.87
250.697
250.661
250.588
251.028
252.543
254.837
257.342
259.586
261.365
262.605
263.345
263.723
263.877
263.89
263.829
263.739
263.642
263.551
263.472
263.405
263.35
263.306
263.271
263.244
263.224
263.209
263.198
263.192
263.187
263.186
263.179
255.649
256.429
256.387
257.281
258.023
258.828
259.623
260.408
261.142
261.784
262.286
262.62
262.789
262.827
262.782
262.695
262.596
262.512
262.469
262.458
262.472
262.506
262.555
262.612
262.673
262.733
262.79
262.842
262.889
262.929
262.965
262.995
263.021
263.043
263.063
263.08
263.096
263.111
263.118
263.149
254.047
253.405
252.653
251.996
251.381
250.877
250.46
250.167
250.113
249.977
249.859
250.728
252.728
255.293
257.884
260.105
261.803
262.936
263.568
263.881
263.98
263.955
263.87
263.764
263.658
263.561
263.478
263.409
263.353
263.308
263.272
263.245
263.224
263.209
263.199
263.192
263.187
263.186
263.179
254.856
255.649
255.616
256.52
257.271
258.081
258.878
259.671
260.419
261.091
261.647
262.054
262.307
262.428
262.451
262.417
262.357
262.296
262.258
262.259
262.29
262.342
262.411
262.488
262.568
262.646
262.718
262.784
262.841
262.891
262.933
262.969
263
263.025
263.047
263.066
263.082
263.097
263.111
263.12
263.147
253.244
252.597
251.843
251.187
250.583
250.095
249.7
249.524
249.503
249.111
249.187
250.66
253.082
255.843
258.465
260.644
262.242
263.253
263.789
264.031
264.077
264.016
263.908
263.788
263.673
263.571
263.484
263.413
263.355
263.309
263.273
263.245
263.225
263.209
263.199
263.192
263.187
263.186
263.179
254.049
254.856
254.837
255.755
256.519
257.339
258.144
258.946
259.709
260.408
261.007
261.477
261.804
261.999
262.094
262.117
262.103
262.074
262.055
262.062
262.106
262.176
262.264
262.362
262.461
262.558
262.646
262.725
262.794
262.853
262.903
262.945
262.979
263.008
263.032
263.052
263.07
263.085
263.098
263.112
263.117
252.427
251.774
251.017
250.366
249.776
249.295
248.96
249.005
248.667
248.081
248.75
250.846
253.579
256.478
259.092
261.193
262.675
263.549
264.002
264.171
264.166
264.071
263.942
263.809
263.686
263.579
263.489
263.416
263.357
263.31
263.274
263.246
263.225
263.21
263.199
263.192
263.187
263.186
263.179
253.229
254.049
254.047
254.982
255.763
256.597
257.413
258.229
259.01
259.733
260.369
260.892
261.285
261.551
261.71
261.795
261.832
261.845
261.854
261.876
261.927
262.012
262.119
262.237
262.357
262.472
262.577
262.67
262.75
262.818
262.875
262.922
262.96
262.992
263.018
263.04
263.058
263.074
263.087
263.1
263.11
251.594
250.936
250.176
249.538
248.951
248.487
248.413
248.357
247.418
247.108
248.685
251.234
254.202
257.17
259.746
261.748
263.092
263.84
264.204
264.302
264.248
264.122
263.974
263.828
263.698
263.586
263.494
263.419
263.359
263.311
263.274
263.246
263.225
263.21
263.199
263.193
263.187
263.186
263.18
252.391
253.229
253.244
254.199
255.002
255.852
256.683
257.515
258.316
259.063
259.734
260.304
260.755
261.085
261.31
261.451
261.541
261.6
261.647
261.696
261.762
261.858
261.981
262.119
262.258
262.392
262.513
262.62
262.711
262.788
262.851
262.902
262.945
262.979
263.007
263.03
263.048
263.064
263.076
263.09
263.098
250.744
250.081
249.328
248.694
248.101
247.812
248.022
247.144
245.845
246.664
248.921
251.794
254.92
257.902
260.422
262.302
263.485
264.122
264.393
264.423
264.323
264.169
264.002
263.846
263.709
263.593
263.498
263.421
263.36
263.312
263.275
263.247
263.225
263.21
263.199
263.193
263.187
263.186
263.18
251.537
252.39
252.427
253.405
254.231
255.102
255.95
256.803
257.625
258.398
259.101
259.714
260.217
260.607
260.892
261.093
261.233
261.338
261.427
261.513
261.606
261.718
261.856
262.01
262.169
262.32
262.457
262.577
262.679
262.763
262.832
262.887
262.932
262.968
262.997
263.021
263.04
263.056
263.068
263.081
263.088
249.876
249.216
248.47
247.811
247.309
247.572
247.078
245.073
244.818
246.727
249.383
252.488
255.721
258.68
261.108
262.842
263.863
264.392
264.569
264.534
264.392
264.211
264.028
263.862
263.719
263.599
263.501
263.423
263.361
263.313
263.275
263.247
263.225
263.21
263.199
263.193
263.187
263.186
263.18
250.665
251.537
251.594
252.597
253.448
254.342
255.213
256.089
256.934
257.734
258.469
259.121
259.673
260.118
260.462
260.719
260.913
261.067
261.198
261.323
261.452
261.59
261.744
261.916
262.091
262.26
262.412
262.544
262.654
262.745
262.818
262.877
262.924
262.962
262.991
263.015
263.034
263.05
263.061
263.073
263.079
248.991
248.348
247.567
246.919
247.068
247.056
244.718
243.157
244.707
247.072
250.025
253.292
256.576
259.488
261.8
263.356
264.233
264.646
264.733
264.636
264.454
264.249
264.052
263.876
263.727
263.604
263.505
263.425
263.363
263.314
263.276
263.247
263.226
263.21
263.199
263.193
263.187
263.186
263.18
249.773
250.665
250.744
251.774
252.653
253.573
254.467
255.369
256.241
257.069
257.837
258.528
259.125
259.622
260.021
260.334
260.582
260.785
260.962
261.128
261.295
261.467
261.647
261.833
262.026
262.21
262.376
262.519
262.637
262.734
262.811
262.872
262.92
262.959
262.989
263.012
263.031
263.046
263.056
263.067
263.071
248.104
247.436
246.631
246.575
247.016
244.661
241.709
242.893
244.952
247.641
250.797
254.184
257.472
260.318
262.485
263.842
264.589
264.883
264.883
264.728
264.511
264.284
264.073
263.889
263.735
263.609
263.507
263.427
263.363
263.314
263.276
263.247
263.226
263.21
263.199
263.193
263.187
263.186
263.18
248.892
249.773
249.876
250.936
251.843
252.791
253.713
254.643
255.545
256.403
257.204
257.932
258.573
259.119
259.572
259.94
260.242
260.495
260.719
260.929
261.136
261.345
261.555
261.766
261.973
262.172
262.35
262.503
262.628
262.729
262.809
262.872
262.921
262.959
262.989
263.012
263.03
263.044
263.053
263.063
263.065
247.176
246.445
246.208
246.754
244.687
240.512
241.318
243.07
245.437
248.362
251.678
255.154
258.414
261.16
263.144
264.324
264.926
265.101
265.02
264.812
264.562
264.315
264.091
263.9
263.742
263.613
263.51
263.428
263.364
263.315
263.276
263.247
263.226
263.21
263.199
263.193
263.187
263.186
263.18
247.974
248.892
248.991
250.081
251.017
251.996
252.948
253.908
254.843
255.733
256.568
257.334
258.017
258.611
259.116
259.539
259.894
260.199
260.472
260.728
260.977
261.225
261.468
261.707
261.933
262.143
262.333
262.494
262.626
262.73
262.812
262.876
262.925
262.962
262.991
263.014
263.031
263.044
263.053
263.061
263.061
246.153
245.886
246.781
244.891
239.568
240.003
241.45
243.475
246.098
249.205
252.655
256.177
259.389
262.004
263.767
264.786
265.24
265.303
265.144
264.888
264.608
264.342
264.108
263.91
263.748
263.616
263.512
263.429
263.365
263.315
263.276
263.247
263.226
263.21
263.199
263.193
263.187
263.186
263.179
246.898
247.974
248.105
249.216
250.176
251.187
252.171
253.165
254.133
255.057
255.928
256.733
257.459
258.1
258.655
259.131
259.541
259.899
260.223
260.527
260.822
261.106
261.387
261.653
261.901
262.125
262.323
262.492
262.628
262.736
262.819
262.883
262.932
262.968
262.996
263.018
263.034
263.046
263.054
263.062
263.059
245.529
246.469
244.795
238.859
238.96
240.099
241.782
244.075
246.883
250.157
253.71
257.24
260.388
262.83
264.379
265.228
265.532
265.486
265.256
264.955
264.648
264.366
264.122
263.919
263.752
263.619
263.513
263.43
263.365
263.315
263.276
263.247
263.226
263.21
263.199
263.193
263.187
263.186
263.179
246.255
246.898
247.176
248.348
249.328
250.366
251.381
252.411
253.415
254.376
255.285
256.129
256.898
257.585
258.191
258.72
259.184
259.597
259.974
260.329
260.668
260.997
261.312
261.606
261.875
262.114
262.321
262.493
262.634
262.745
262.829
262.893
262.941
262.976
263.003
263.024
263.038
263.05
263.056
263.063
263.058
246.073
245.135
238.344
238.184
239.012
240.372
242.323
244.796
247.785
251.201
254.84
258.355
261.401
263.618
264.972
265.642
265.8
265.652
265.357
265.016
264.684
264.388
264.135
263.926
263.757
263.621
263.514
263.43
263.365
263.315
263.276
263.247
263.226
263.21
263.199
263.193
263.187
263.186
263.179
246.966
246.254
246.153
247.436
248.47
249.538
250.583
251.647
252.688
253.689
254.636
255.521
256.334
257.068
257.724
258.307
258.826
259.295
259.727
260.136
260.522
260.894
261.244
261.566
261.855
262.109
262.324
262.501
262.643
262.756
262.841
262.904
262.951
262.986
263.011
263.03
263.044
263.054
263.06
263.066
263.059
244.793
237.998
237.603
238.193
239.237
240.857
242.983
245.637
248.79
252.333
256.03
259.508
262.407
264.386
265.543
266.027
266.044
265.801
265.446
265.069
264.716
264.406
264.145
263.932
263.76
263.623
263.515
263.431
263.365
263.315
263.276
263.247
263.226
263.21
263.199
263.193
263.187
263.186
263.179
246.255
246.966
245.529
246.445
247.567
248.694
249.776
250.877
251.956
252.994
253.982
254.91
255.767
256.549
257.257
257.893
258.469
258.996
259.487
259.947
260.387
260.801
261.185
261.534
261.843
262.109
262.332
262.511
262.655
262.767
262.853
262.916
262.962
262.996
263.02
263.038
263.051
263.06
263.065
263.069
263.062
237.571
237.176
237.573
238.38
239.673
241.463
243.761
246.586
249.89
253.544
257.266
260.691
263.381
265.136
266.081
266.38
266.265
265.935
265.525
265.115
264.743
264.422
264.154
263.937
263.762
263.624
263.515
263.431
263.365
263.315
263.276
263.247
263.226
263.21
263.199
263.193
263.187
263.186
263.179
238.129
246.256
246.073
245.887
246.631
247.811
248.951
250.095
251.215
252.293
253.324
254.295
255.199
256.03
256.789
257.481
258.115
258.704
259.251
259.771
260.261
260.718
261.137
261.512
261.839
262.116
262.343
262.525
262.669
262.78
262.865
262.928
262.973
263.006
263.029
263.046
263.058
263.066
263.07
263.073
263.065
236.777
237.148
237.725
238.776
240.232
242.181
244.65
247.631
251.08
254.836
258.562
261.884
264.329
265.862
266.583
266.703
266.463
266.052
265.595
265.156
264.766
264.434
264.161
263.94
263.764
263.624
263.515
263.43
263.365
263.315
263.276
263.247
263.226
263.21
263.199
263.193
263.187
263.186
263.178
237.126
238.129
244.79
246.469
246.208
246.919
248.101
249.295
250.46
251.584
252.661
253.678
254.629
255.511
256.324
257.073
257.769
258.417
259.031
259.608
260.149
260.649
261.101
261.5
261.843
262.128
262.359
262.542
262.685
262.794
262.877
262.939
262.984
263.016
263.038
263.054
263.065
263.072
263.075
263.079
263.069
236.627
237.274
238.085
239.296
240.899
243.014
245.635
248.772
252.363
256.189
259.908
263.059
265.267
266.552
267.046
266.994
266.638
266.156
265.654
265.19
264.785
264.445
264.166
263.942
263.764
263.624
263.515
263.43
263.365
263.315
263.276
263.247
263.226
263.21
263.199
263.192
263.187
263.186
263.178
237.254
237.126
237.571
245.135
246.781
246.575
247.309
248.487
249.7
250.87
251.994
253.06
254.061
254.994
255.863
256.673
257.43
258.148
258.825
259.461
260.053
260.594
261.078
261.5
261.855
262.146
262.379
262.562
262.703
262.81
262.891
262.95
262.994
263.025
263.047
263.062
263.072
263.079
263.081
263.084
263.074
236.702
237.611
238.575
239.921
241.68
243.94
246.713
250.011
253.732
257.612
261.285
264.21
266.174
267.199
267.468
267.254
266.792
266.245
265.705
265.218
264.8
264.452
264.17
263.943
263.764
263.624
263.515
263.43
263.365
263.315
263.276
263.247
263.226
263.21
263.199
263.192
263.187
263.185
263.178
237.367
237.254
236.777
237.998
244.795
246.755
247.068
247.812
248.96
250.167
251.334
252.446
253.496
254.483
255.41
256.281
257.108
257.895
258.637
259.332
259.976
260.557
261.071
261.51
261.875
262.17
262.404
262.585
262.723
262.827
262.905
262.962
263.004
263.034
263.055
263.069
263.078
263.085
263.086
263.089
263.078
237.036
238.076
239.172
240.661
242.554
244.955
247.891
251.347
255.191
259.104
262.666
265.358
267.046
267.799
267.849
267.484
266.926
266.321
265.748
265.241
264.811
264.457
264.171
263.943
263.764
263.623
263.514
263.43
263.365
263.315
263.276
263.247
263.226
263.21
263.199
263.192
263.186
263.185
263.177
237.628
237.367
236.627
237.176
238.344
244.891
247.016
247.572
248.413
249.524
250.697
251.843
252.938
253.978
254.963
255.904
256.804
257.661
258.471
259.227
259.92
260.54
261.078
261.532
261.903
262.2
262.432
262.61
262.745
262.845
262.919
262.974
263.013
263.042
263.062
263.076
263.084
263.09
263.092
263.095
263.083
237.456
238.638
239.88
241.495
243.511
246.07
249.17
252.783
256.721
260.655
264.04
266.475
267.87
268.345
268.188
267.683
267.04
266.384
265.782
265.258
264.819
264.46
264.171
263.943
263.763
263.623
263.514
263.43
263.365
263.315
263.276
263.247
263.225
263.21
263.199
263.192
263.186
263.185
263.177
238.065
237.628
236.702
237.148
237.603
238.859
244.687
247.056
248.022
249.005
250.113
251.257
252.386
253.477
254.529
255.544
256.521
257.453
258.332
259.148
259.889
260.543
261.101
261.564
261.939
262.235
262.464
262.638
262.768
262.864
262.935
262.986
263.023
263.049
263.068
263.081
263.09
263.096
263.097
263.1
263.088
237.996
239.309
240.678
242.405
244.564
247.285
250.552
254.327
258.344
262.237
265.417
267.561
268.637
268.84
268.487
267.855
267.135
266.436
265.808
265.27
264.823
264.46
264.171
263.942
263.763
263.623
263.515
263.43
263.365
263.315
263.276
263.247
263.225
263.21
263.199
263.192
263.186
263.185
263.177
238.6
238.065
237.036
237.274
237.573
238.184
239.568
244.661
247.078
248.357
249.503
250.661
251.828
252.981
254.109
255.204
256.265
257.277
258.226
259.1
259.885
260.567
261.139
261.608
261.983
262.276
262.499
262.667
262.792
262.884
262.951
262.999
263.033
263.057
263.074
263.087
263.095
263.1
263.101
263.104
263.093
238.647
240.085
241.555
243.407
245.716
248.602
252.049
255.968
260.055
263.841
266.772
268.595
269.34
269.279
268.744
267.999
267.214
266.476
265.826
265.277
264.824
264.46
264.17
263.941
263.763
263.623
263.515
263.431
263.365
263.315
263.276
263.247
263.225
263.209
263.198
263.192
263.186
263.185
263.177
239.241
238.6
237.456
237.611
237.725
238.193
238.96
240.512
244.718
247.144
248.667
249.977
251.24
252.481
253.702
254.893
256.046
257.139
258.158
259.089
259.91
260.61
261.192
261.663
262.035
262.321
262.537
262.699
262.818
262.905
262.967
263.011
263.043
263.065
263.081
263.092
263.099
263.105
263.106
263.109
263.097
239.393
240.931
242.517
244.51
246.971
250.032
253.658
257.704
261.829
265.464
268.103
269.563
269.974
269.663
268.962
268.118
267.275
266.504
265.838
265.279
264.824
264.458
264.169
263.941
263.763
263.624
263.515
263.431
263.365
263.315
263.276
263.247
263.225
263.209
263.198
263.192
263.186
263.185
263.176
239.988
239.241
237.996
238.076
238.085
238.38
239.012
240.003
241.709
245.073
247.418
249.111
250.588
251.97
253.318
254.621
255.872
257.049
258.137
259.113
259.961
260.676
261.261
261.729
262.094
262.37
262.579
262.733
262.845
262.926
262.983
263.024
263.053
263.073
263.087
263.097
263.103
263.108
263.109
263.112
263.101
240.208
241.863
243.576
245.707
248.337
251.576
255.397
259.558
263.665
267.081
269.38
270.457
270.537
269.992
269.143
268.212
267.319
266.523
265.842
265.278
264.822
264.457
264.169
263.942
263.764
263.624
263.515
263.43
263.365
263.314
263.275
263.246
263.225
263.209
263.198
263.191
263.185
263.185
263.176
240.801
239.988
238.647
238.638
238.575
238.776
239.237
240.099
241.318
243.157
245.845
248.081
249.859
251.468
252.975
254.405
255.758
257.016
258.162
259.174
260.041
260.762
261.345
261.805
262.156
262.424
262.623
262.768
262.873
262.947
263
263.037
263.063
263.081
263.093
263.102
263.107
263.112
263.112
263.116
263.105
241.108
242.888
244.727
247.009
249.815
253.258
257.259
261.517
265.54
268.685
270.589
271.263
271.026
270.265
269.288
268.282
267.349
266.53
265.842
265.276
264.821
264.457
264.17
263.943
263.764
263.624
263.515
263.43
263.364
263.314
263.275
263.246
263.224
263.209
263.197
263.191
263.185
263.184
263.176
241.697
240.801
239.393
239.309
239.172
239.297
239.673
240.372
241.45
242.893
244.818
247.108
249.187
251.028
252.701
254.26
255.711
257.042
258.237
259.275
260.151
260.869
261.443
261.887
262.227
262.481
262.668
262.804
262.901
262.969
263.017
263.05
263.073
263.089
263.099
263.107
263.112
263.115
263.115
263.119
263.108
242.096
244.002
245.979
248.43
251.421
255.077
259.244
263.574
267.441
270.243
271.711
271.976
271.441
270.487
269.397
268.33
267.363
266.533
265.84
265.275
264.821
264.458
264.171
263.943
263.764
263.624
263.514
263.429
263.363
263.313
263.274
263.245
263.224
263.208
263.197
263.191
263.185
263.184
263.175
242.685
241.697
240.208
240.085
239.88
239.921
240.232
240.857
241.782
243.07
244.707
246.664
248.75
250.728
252.539
254.213
255.749
257.139
258.365
259.415
260.288
260.995
261.551
261.978
262.302
262.542
262.716
262.841
262.929
262.991
263.034
263.063
263.083
263.097
263.106
263.112
263.116
263.119
263.118
263.121
263.11
243.168
245.214
247.345
249.972
253.171
257.053
261.378
265.708
269.343
271.731
272.722
272.592
271.78
270.659
269.474
268.356
267.369
266.531
265.839
265.275
264.822
264.46
264.171
263.943
263.764
263.623
263.513
263.428
263.363
263.312
263.274
263.245
263.223
263.208
263.197
263.19
263.185
263.184
263.175
243.754
242.685
241.108
240.931
240.678
240.661
240.899
241.464
242.323
243.475
244.952
246.727
248.685
250.66
252.543
254.289
255.883
257.307
258.546
259.592
260.452
261.138
261.67
262.077
262.381
262.604
262.765
262.878
262.958
263.013
263.05
263.076
263.093
263.104
263.112
263.117
263.12
263.122
263.121
263.124
263.113
244.334
246.534
248.826
251.647
255.081
259.176
263.645
267.907
271.217
273.117
273.615
273.107
272.046
270.783
269.519
268.368
267.369
266.53
265.839
265.276
264.824
264.46
264.171
263.942
263.762
263.621
263.512
263.427
263.361
263.311
263.273
263.244
263.223
263.207
263.196
263.19
263.184
263.183
263.174
244.915
243.754
242.096
241.863
241.555
241.495
241.68
242.181
242.983
244.075
245.437
247.072
248.921
250.846
252.728
254.5
256.114
257.548
258.778
259.807
260.639
261.292
261.8
262.182
262.464
262.669
262.814
262.916
262.986
263.035
263.067
263.088
263.103
263.112
263.118
263.122
263.124
263.125
263.124
263.127
263.116
245.604
247.966
250.436
253.486
257.173
261.483
266.049
270.135
273.021
274.374
274.378
273.517
272.243
270.859
269.544
268.371
267.368
266.53
265.84
265.278
264.824
264.46
264.17
263.94
263.76
263.619
263.51
263.425
263.36
263.31
263.272
263.244
263.222
263.207
263.196
263.19
263.184
263.183
263.174
246.179
244.915
243.168
242.888
242.517
242.405
242.554
243.014
243.761
244.796
246.098
247.641
249.383
251.234
253.082
254.837
256.443
257.854
259.059
260.05
260.84
261.463
261.937
262.291
262.55
262.734
262.864
262.954
263.015
263.056
263.083
263.101
263.112
263.119
263.123
263.126
263.127
263.129
263.127
263.13
263.118
246.982
249.52
252.205
255.507
259.457
263.983
268.555
272.357
274.714
275.473
275.001
273.827
272.371
270.904
269.553
268.372
267.368
266.531
265.842
265.279
264.823
264.457
264.166
263.937
263.757
263.616
263.507
263.423
263.359
263.309
263.271
263.243
263.222
263.206
263.195
263.189
263.183
263.182
263.173
247.547
246.179
244.334
244.002
243.576
243.407
243.511
243.94
244.65
245.637
246.883
248.362
250.025
251.794
253.579
255.293
256.854
258.224
259.378
260.314
261.065
261.644
262.082
262.404
262.637
262.8
262.914
262.991
263.043
263.077
263.099
263.113
263.121
263.126
263.129
263.131
263.131
263.132
263.13
263.132
263.121
248.476
251.227
254.155
257.732
261.948
266.654
271.137
274.518
276.248
276.398
275.485
274.037
272.45
270.926
269.557
268.372
267.369
266.533
265.842
265.277
264.819
264.452
264.161
263.932
263.752
263.613
263.505
263.421
263.357
263.308
263.27
263.242
263.221
263.206
263.195
263.189
263.183
263.182
263.173
249.021
247.547
245.604
245.214
244.727
244.51
244.564
244.955
245.635
246.586
247.785
249.205
250.797
252.488
254.202
255.843
257.342
258.642
259.724
260.608
261.303
261.835
262.231
262.519
262.724
262.866
262.964
263.029
263.071
263.098
263.115
263.125
263.13
263.133
263.135
263.135
263.135
263.135
263.133
263.135
263.123
250.115
253.11
256.309
260.196
264.678
269.494
273.736
276.551
277.573
277.135
275.822
274.173
272.492
270.934
269.557
268.371
267.369
266.53
265.838
265.27
264.811
264.445
264.154
263.926
263.748
263.609
263.501
263.419
263.355
263.306
263.269
263.241
263.22
263.205
263.194
263.188
263.182
263.181
263.172
250.638
249.021
246.982
246.534
245.979
245.707
245.716
246.07
246.713
247.631
248.79
250.157
251.678
253.292
254.92
256.478
257.884
259.093
260.106
260.92
261.553
262.032
262.384
262.635
262.812
262.932
263.013
263.065
263.099
263.119
263.13
263.136
263.139
263.14
263.14
263.139
263.138
263.138
263.136
263.137
263.126
251.925
255.194
258.704
262.902
267.65
272.45
276.286
278.38
278.665
277.667
276.048
274.249
272.51
270.934
269.553
268.368
267.363
266.523
265.826
265.258
264.8
264.434
264.145
263.919
263.742
263.604
263.498
263.416
263.353
263.304
263.268
263.24
263.219
263.204
263.194
263.188
263.182
263.181
263.171
252.418
250.638
248.476
247.966
247.345
247.009
246.971
247.285
247.891
248.772
249.89
251.201
252.655
254.184
255.721
257.17
258.465
259.586
260.511
261.246
261.811
262.232
262.537
262.751
262.899
262.997
263.061
263.101
263.125
263.138
263.145
263.147
263.147
263.146
263.145
263.144
263.142
263.141
263.138
263.14
263.128
253.927
257.516
261.37
265.904
270.839
275.457
278.678
279.941
279.484
278.034
276.179
274.283
272.51
270.926
269.544
268.356
267.349
266.504
265.808
265.241
264.785
264.422
264.135
263.91
263.735
263.599
263.494
263.413
263.35
263.302
263.266
263.239
263.218
263.204
263.193
263.187
263.181
263.18
263.17
254.383
252.418
250.115
249.52
248.826
248.43
248.337
248.602
249.17
250.011
251.08
252.333
253.71
255.154
256.576
257.902
259.092
260.105
260.933
261.582
262.074
262.434
262.69
262.867
262.985
263.061
263.109
263.136
263.151
263.157
263.159
263.158
263.155
263.153
263.15
263.148
263.145
263.144
263.141
263.142
263.131
256.162
260.115
264.357
269.198
274.199
278.412
280.812
281.156
280.064
278.25
276.239
274.283
272.492
270.904
269.519
268.33
267.319
266.476
265.782
265.218
264.766
264.406
264.122
263.9
263.727
263.593
263.489
263.409
263.347
263.3
263.264
263.237
263.217
263.203
263.192
263.186
263.18
263.179
263.17
256.575
254.383
251.925
251.227
250.436
249.972
249.815
250.032
250.552
251.347
252.363
253.544
254.84
256.177
257.472
258.68
259.746
260.644
261.365
261.923
262.338
262.635
262.842
262.98
263.069
263.123
263.154
263.169
263.175
263.175
263.172
263.168
263.163
263.159
263.155
263.152
263.149
263.147
263.144
263.145
263.133
258.67
263.03
267.676
272.773
277.631
281.17
282.551
282.046
280.417
278.352
276.239
274.249
272.45
270.859
269.474
268.282
267.275
266.436
265.748
265.19
264.743
264.388
264.108
263.889
263.719
263.586
263.484
263.405
263.344
263.298
263.263
263.236
263.216
263.202
263.191
263.185
263.179
263.179
263.169
259.035
256.575
253.927
253.11
252.205
251.647
251.421
251.576
252.049
252.783
253.732
254.836
256.03
257.24
258.414
259.488
260.422
261.193
261.803
262.266
262.6
262.834
262.991
263.091
263.15
263.182
263.197
263.2
263.198
263.192
263.185
263.178
263.171
263.165
263.16
263.155
263.152
263.15
263.146
263.147
263.135
261.503
266.296
271.338
276.555
280.985
283.532
283.863
282.596
280.582
278.352
276.179
274.173
272.371
270.783
269.397
268.212
267.214
266.384
265.705
265.156
264.716
264.366
264.091
263.876
263.709
263.579
263.478
263.401
263.341
263.296
263.261
263.235
263.215
263.201
263.19
263.185
263.179
263.178
263.168
261.817
259.035
256.162
255.194
254.155
253.486
253.171
253.258
253.658
254.327
255.191
256.189
257.266
258.355
259.389
260.318
261.108
261.748
262.242
262.605
262.859
263.029
263.135
263.196
263.227
263.238
263.238
263.231
263.221
263.21
263.198
263.188
263.178
263.171
263.164
263.159
263.155
263.152
263.149
263.149
263.137
264.712
270.013
275.327
280.385
284.069
285.383
284.704
282.861
280.582
278.25
276.048
274.037
272.243
270.659
269.288
268.118
267.135
266.321
265.654
265.115
264.684
264.342
264.073
263.862
263.698
263.571
263.472
263.396
263.338
263.293
263.259
263.233
263.213
263.2
263.189
263.184
263.178
263.177
263.167
265
261.817
258.67
257.516
256.309
255.507
255.081
255.077
255.397
255.968
256.721
257.612
258.562
259.508
260.388
261.16
261.8
262.302
262.675
262.936
263.109
263.214
263.271
263.295
263.299
263.292
263.278
263.261
263.243
263.226
263.211
263.197
263.186
263.176
263.168
263.163
263.158
263.155
263.151
263.151
263.14
268.256
274.13
279.512
284.112
286.521
286.611
285.109
282.861
280.417
278.034
275.822
273.827
272.046
270.487
269.143
267.999
267.04
266.245
265.595
265.069
264.648
264.315
264.052
263.846
263.686
263.561
263.465
263.391
263.334
263.29
263.256
263.231
263.212
263.199
263.188
263.183
263.177
263.176
263.166
268.698
265
261.503
260.115
258.704
257.732
257.173
257.053
257.259
257.704
258.344
259.104
259.908
260.691
261.401
262.004
262.485
262.842
263.092
263.253
263.345
263.388
263.399
263.392
263.371
263.345
263.317
263.29
263.265
263.242
263.222
263.206
263.192
263.181
263.172
263.166
263.16
263.157
263.153
263.153
263.142
272.357
278.602
283.735
287.202
288.189
287.21
285.109
282.596
280.064
277.667
275.485
273.517
271.78
270.265
268.962
267.855
266.926
266.156
265.525
265.016
264.608
264.284
264.028
263.828
263.673
263.551
263.458
263.385
263.329
263.287
263.254
263.229
263.21
263.197
263.187
263.182
263.176
263.175
263.164
272.945
268.698
264.712
263.03
261.37
260.196
259.457
259.176
259.244
259.558
260.055
260.655
261.285
261.884
262.407
262.83
263.144
263.356
263.485
263.549
263.568
263.557
263.527
263.486
263.441
263.397
263.355
263.317
263.285
263.257
263.233
263.214
263.199
263.186
263.176
263.169
263.163
263.16
263.155
263.156
263.144
276.909
283.156
287.516
289.369
289.078
287.21
284.704
282.046
279.484
277.135
275.001
273.107
271.441
269.992
268.744
267.683
266.792
266.052
265.446
264.955
264.562
264.249
264.002
263.809
263.658
263.541
263.45
263.379
263.325
263.283
263.251
263.227
263.209
263.196
263.186
263.18
263.175
263.174
263.163
277.795
272.945
268.256
266.296
264.357
262.902
261.948
261.483
261.378
261.517
261.829
262.237
262.666
263.059
263.381
263.618
263.767
263.842
263.863
263.84
263.789
263.723
263.65
263.577
263.508
263.445
263.391
263.344
263.304
263.271
263.244
263.222
263.205
263.191
263.18
263.172
263.166
263.162
263.157
263.157
263.146
281.728
287.59
290.157
290.592
289.078
286.611
283.863
281.156
278.665
276.398
274.378
272.592
271.026
269.663
268.487
267.484
266.638
265.935
265.357
264.888
264.511
264.211
263.974
263.788
263.642
263.529
263.441
263.372
263.32
263.279
263.248
263.225
263.207
263.194
263.185
263.179
263.174
263.173
263.162
283.237
277.795
272.357
270.013
267.676
265.904
264.678
263.983
263.645
263.574
263.665
263.841
264.04
264.21
264.329
264.386
264.379
264.324
264.233
264.122
264.002
263.881
263.767
263.663
263.571
263.491
263.424
263.368
263.322
263.284
263.254
263.23
263.21
263.195
263.184
263.175
263.168
263.164
263.159
263.159
263.148
286.623
290.543
291.771
290.592
288.189
285.383
282.551
279.941
277.573
275.473
273.615
271.976
270.537
269.279
268.188
267.254
266.463
265.801
265.256
264.812
264.454
264.169
263.942
263.764
263.625
263.516
263.431
263.365
263.314
263.275
263.245
263.222
263.205
263.193
263.183
263.178
263.172
263.171
263.161
289.146
283.237
276.909
274.13
271.338
269.198
267.65
266.654
266.049
265.708
265.54
265.464
265.417
265.358
265.267
265.136
264.972
264.786
264.589
264.392
264.204
264.031
263.877
263.744
263.63
263.535
263.456
263.391
263.339
263.297
263.263
263.237
263.216
263.199
263.187
263.178
263.17
263.166
263.161
263.161
263.15
290.186
292.508
291.771
289.369
286.521
283.532
280.812
278.38
276.248
274.374
272.722
271.263
269.974
268.84
267.849
266.994
266.265
265.652
265.144
264.728
264.392
264.122
263.908
263.739
263.606
263.502
263.421
263.357
263.308
263.271
263.242
263.22
263.203
263.191
263.182
263.176
263.171
263.17
263.159
293.406
289.146
281.728
278.602
275.327
272.773
270.839
269.494
268.555
267.907
267.441
267.081
266.772
266.475
266.174
265.862
265.543
265.228
264.926
264.646
264.393
264.171
263.98
263.819
263.686
263.575
263.486
263.413
263.355
263.309
263.272
263.243
263.221
263.203
263.19
263.18
263.173
263.168
263.163
263.163
263.151
293.449
292.508
290.157
287.202
284.069
281.17
278.678
276.551
274.714
273.117
271.711
270.457
269.34
268.345
267.468
266.703
266.044
265.486
265.02
264.636
264.323
264.071
263.87
263.711
263.585
263.487
263.409
263.349
263.302
263.266
263.238
263.217
263.201
263.189
263.18
263.175
263.17
263.169
263.158
297.371
293.406
286.623
283.156
279.512
276.555
274.199
272.45
271.137
270.135
269.343
268.685
268.103
267.561
267.046
266.552
266.081
265.642
265.24
264.883
264.569
264.302
264.077
263.89
263.737
263.613
263.513
263.433
263.37
263.32
263.28
263.25
263.225
263.207
263.193
263.183
263.175
263.17
263.165
263.164
263.153
293.449
290.543
287.516
284.112
280.985
278.412
276.286
274.518
273.021
271.731
270.589
269.563
268.637
267.799
267.046
266.38
265.8
265.303
264.883
264.534
264.248
264.016
263.829
263.681
263.563
263.47
263.397
263.34
263.295
263.261
263.234
263.214
263.198
263.187
263.178
263.173
263.168
263.167
263.156
297.371
290.186
287.59
283.735
280.385
277.631
275.457
273.736
272.357
271.217
270.243
269.38
268.595
267.87
267.199
266.583
266.027
265.532
265.101
264.733
264.423
264.166
263.955
263.785
263.648
263.539
263.452
263.384
263.33
263.288
263.255
263.23
263.211
263.196
263.185
263.177
263.172
263.167
263.166
263.155
)
;

boundaryField
{
    front
    {
        type            empty;
    }
    back
    {
        type            empty;
    }
    airfoil
    {
        type            zeroGradient;
    }
    freestream
    {
        type            mytotalTemperature;
        gamma           1.4;
        psi             psi;
        T0              uniform 293.15;
        value           nonuniform List<scalar> 
168
(
263.137
263.121
263.11
263.1
263.09
263.081
263.074
263.069
263.066
263.064
263.065
263.066
263.069
263.073
263.078
263.083
263.088
263.093
263.098
263.103
263.108
263.112
263.115
263.118
263.121
263.124
263.126
263.129
263.131
263.134
263.136
263.138
263.141
263.143
263.145
263.147
263.149
263.151
263.153
263.155
263.157
263.158
263.16
263.162
263.163
263.165
263.166
263.167
263.168
263.17
263.171
263.172
263.173
263.174
263.175
263.175
263.176
263.177
263.177
263.178
263.179
263.179
263.18
263.18
263.18
263.181
263.181
263.181
263.182
263.182
263.182
263.182
263.183
263.183
263.183
263.183
263.184
263.184
263.184
263.184
263.184
263.185
263.185
263.185
263.185
263.185
263.185
263.184
263.184
263.184
263.184
263.184
263.183
263.183
263.183
263.183
263.182
263.182
263.182
263.182
263.181
263.181
263.181
263.18
263.18
263.18
263.179
263.179
263.178
263.177
263.177
263.176
263.175
263.175
263.174
263.173
263.172
263.171
263.17
263.168
263.167
263.166
263.165
263.163
263.162
263.16
263.158
263.157
263.155
263.153
263.151
263.149
263.147
263.145
263.143
263.141
263.138
263.136
263.134
263.131
263.129
263.126
263.124
263.121
263.118
263.115
263.112
263.108
263.103
263.098
263.093
263.088
263.083
263.078
263.073
263.069
263.066
263.065
263.064
263.066
263.069
263.074
263.081
263.09
263.1
263.11
263.121
263.137
)
;
    }
    outlet
    {
        type            inletOutlet;
        inletValue      uniform 293.15;
        value           nonuniform List<scalar> 
80
(
263.147
263.149
263.148
263.149
263.149
263.149
263.149
263.15
263.15
263.15
263.15
263.15
263.15
263.15
263.15
263.15
263.15
263.15
263.15
263.15
263.15
263.15
263.15
263.15
263.15
263.15
263.15
263.151
263.152
263.153
263.156
263.159
263.163
263.169
263.178
263.192
263.218
263.294
263.469
264.499
264.499
263.469
263.294
263.218
263.192
263.178
263.169
263.163
263.159
263.156
263.153
263.152
263.151
263.15
263.15
263.15
263.15
263.15
263.15
263.15
263.15
263.15
263.15
263.15
263.15
263.15
263.15
263.15
263.15
263.15
263.15
263.15
263.15
263.149
263.149
263.149
263.149
263.148
263.149
263.147
)
;
    }
}


// ************************************************************************* //
