/*--------------------------------*- C++ -*----------------------------------*\
| =========                 |                                                 |
| \\      /  F ield         | OpenFOAM: The Open Source CFD Toolbox           |
|  \\    /   O peration     | Version:  v2012                                 |
|   \\  /    A nd           | Website:  www.openfoam.com                      |
|    \\/     M anipulation  |                                                 |
\*---------------------------------------------------------------------------*/
FoamFile
{
    version     2.0;
    format      ascii;
    class       volScalarField;
    location    "1.571934130073674";
    object      Ma;
}
// * * * * * * * * * * * * * * * * * * * * * * * * * * * * * * * * * * * * * //

dimensions      [0 0 0 0 0 0 0];


internalField   nonuniform List<scalar> 
6720
(
0.754878
0.754923
0.755275
0.754938
0.755304
0.755375
0.754955
0.755341
0.755435
0.755554
0.754958
0.755366
0.755453
0.755607
0.755697
0.754959
0.755374
0.755476
0.75565
0.755754
0.755827
0.754958
0.755374
0.755487
0.755682
0.755808
0.755887
0.755933
0.754958
0.755363
0.755492
0.755707
0.755852
0.755955
0.755997
0.756015
0.754957
0.755344
0.755489
0.755723
0.755892
0.756013
0.756078
0.756083
0.756065
0.754957
0.755313
0.755473
0.755727
0.755922
0.756073
0.756153
0.756174
0.756142
0.756099
0.754958
0.755271
0.755442
0.755715
0.75594
0.756127
0.756236
0.756265
0.756241
0.756174
0.756105
0.754959
0.755218
0.755394
0.755681
0.755938
0.756171
0.756318
0.756377
0.756353
0.756282
0.756175
0.756092
0.75496
0.755156
0.755329
0.755623
0.755909
0.756191
0.756393
0.756491
0.756489
0.756409
0.756293
0.756158
0.756059
0.754962
0.755089
0.755248
0.75554
0.755848
0.75618
0.756444
0.756604
0.756638
0.75657
0.756435
0.756282
0.756127
0.756012
0.754964
0.755018
0.755153
0.755433
0.755754
0.75613
0.75646
0.7567
0.756796
0.756755
0.756618
0.756433
0.75625
0.756083
0.755956
0.754964
0.754937
0.755055
0.755303
0.755625
0.756036
0.756432
0.756759
0.756942
0.756958
0.756836
0.756632
0.756406
0.756196
0.756024
0.755893
0.754964
0.754855
0.754951
0.75516
0.755467
0.755898
0.75635
0.756769
0.757058
0.757162
0.757086
0.756879
0.756618
0.756358
0.756134
0.755955
0.755827
0.754966
0.754782
0.754844
0.755005
0.755282
0.755717
0.75621
0.756717
0.757121
0.757346
0.757348
0.757171
0.756886
0.756577
0.756292
0.756063
0.755882
0.75576
0.754967
0.754717
0.754738
0.754843
0.755085
0.755496
0.75601
0.756593
0.757117
0.757483
0.757607
0.757494
0.757212
0.756859
0.756513
0.756214
0.755986
0.755807
0.755694
0.754967
0.754649
0.754634
0.754682
0.754878
0.75525
0.755755
0.756394
0.757028
0.757546
0.757831
0.757829
0.757589
0.757211
0.756803
0.756433
0.756129
0.755907
0.755734
0.755631
0.754966
0.754583
0.754536
0.754525
0.754666
0.754979
0.755454
0.756123
0.756845
0.757516
0.757986
0.758148
0.758001
0.757633
0.757173
0.756723
0.756341
0.756041
0.755829
0.755664
0.755572
0.754961
0.75452
0.754447
0.754377
0.754455
0.754697
0.755128
0.755781
0.756564
0.757374
0.758038
0.758414
0.758419
0.758115
0.757628
0.757102
0.756627
0.756243
0.755953
0.755753
0.755599
0.755519
0.754952
0.754458
0.754364
0.754237
0.75425
0.754415
0.754782
0.755395
0.75619
0.757114
0.757966
0.758579
0.758806
0.75863
0.758167
0.75758
0.757006
0.75652
0.756144
0.755868
0.755683
0.75554
0.755471
0.754935
0.754396
0.754285
0.754106
0.754056
0.754139
0.754428
0.754966
0.755735
0.756733
0.75775
0.758607
0.759111
0.759143
0.758774
0.758163
0.757496
0.756893
0.756407
0.756047
0.755788
0.755618
0.755487
0.75543
0.754915
0.754334
0.75421
0.753986
0.753877
0.753877
0.754075
0.754517
0.755232
0.756235
0.757379
0.758472
0.759273
0.7596
0.75941
0.758845
0.758109
0.757384
0.756769
0.756295
0.755955
0.755714
0.75556
0.755441
0.755392
0.754896
0.754276
0.754138
0.753873
0.753714
0.753634
0.753735
0.754066
0.754692
0.755657
0.756862
0.758152
0.759256
0.759934
0.760027
0.759597
0.758849
0.758014
0.757253
0.756642
0.756187
0.755869
0.755648
0.75551
0.7554
0.755357
0.754877
0.754226
0.754071
0.753768
0.753564
0.753411
0.753413
0.753625
0.754136
0.755009
0.756205
0.757642
0.759024
0.760075
0.76055
0.760372
0.759702
0.758795
0.757887
0.757113
0.756516
0.756085
0.755792
0.755591
0.755465
0.75536
0.755322
0.754853
0.754181
0.754015
0.753674
0.753427
0.753206
0.753117
0.753205
0.753582
0.754324
0.755457
0.756949
0.758563
0.75998
0.760898
0.761096
0.760623
0.759728
0.758694
0.757741
0.75697
0.756396
0.755993
0.755725
0.755539
0.755422
0.755322
0.755288
0.754821
0.754135
0.753966
0.753595
0.753306
0.75302
0.752848
0.752814
0.753045
0.753629
0.754645
0.756118
0.757874
0.759617
0.760983
0.761671
0.761547
0.760778
0.759684
0.758558
0.757586
0.756831
0.756286
0.755912
0.755664
0.75549
0.75538
0.755283
0.755253
0.754781
0.754084
0.753916
0.753526
0.753205
0.752859
0.752604
0.752458
0.752539
0.752945
0.753798
0.755168
0.756959
0.758965
0.760771
0.761997
0.762372
0.761891
0.760845
0.759587
0.7584
0.757429
0.7567
0.756188
0.755839
0.755605
0.755441
0.755338
0.755245
0.755219
0.754734
0.754031
0.753862
0.75346
0.753116
0.752725
0.752393
0.752138
0.752071
0.752292
0.752948
0.754145
0.755889
0.758036
0.760222
0.76199
0.762974
0.762961
0.762123
0.760831
0.75945
0.758234
0.757277
0.756582
0.756098
0.755767
0.755546
0.755393
0.755297
0.755207
0.755186
0.754684
0.753972
0.753807
0.753395
0.753033
0.752608
0.752216
0.751862
0.751654
0.751684
0.752119
0.753094
0.754692
0.756873
0.759329
0.761602
0.763231
0.763859
0.763433
0.762251
0.760753
0.759288
0.758065
0.757139
0.756472
0.75601
0.755696
0.755488
0.755346
0.755257
0.75517
0.755153
0.754623
0.753914
0.753747
0.75333
0.752954
0.752502
0.752064
0.75163
0.751292
0.751137
0.751337
0.752052
0.753429
0.755518
0.758103
0.760803
0.763064
0.764436
0.764633
0.763778
0.762288
0.760629
0.759114
0.757909
0.757004
0.756363
0.755922
0.755625
0.755431
0.755299
0.755217
0.755134
0.755121
0.754509
0.753847
0.753689
0.753264
0.75288
0.752406
0.75193
0.75143
0.750984
0.750661
0.750619
0.751048
0.752147
0.754026
0.756627
0.759601
0.762435
0.764561
0.765544
0.76527
0.764003
0.762256
0.760474
0.758949
0.75775
0.75687
0.756252
0.755834
0.755555
0.755374
0.755253
0.755177
0.755099
0.75509
0.754342
0.75372
0.753622
0.753203
0.752808
0.752318
0.751811
0.751256
0.75072
0.750254
0.749994
0.750122
0.750884
0.752468
0.754913
0.758025
0.761324
0.764166
0.766022
0.766543
0.765765
0.764121
0.762167
0.760314
0.758772
0.757589
0.756733
0.756142
0.755746
0.755485
0.755319
0.755207
0.755138
0.755065
0.755059
0.754176
0.753545
0.753493
0.753131
0.752743
0.752235
0.751705
0.751106
0.750493
0.749903
0.749453
0.749291
0.749693
0.750902
0.753075
0.756168
0.759736
0.763218
0.765936
0.767405
0.767381
0.766126
0.764152
0.762048
0.760129
0.758585
0.757421
0.756594
0.75603
0.755659
0.755417
0.755265
0.755163
0.7551
0.755032
0.755029
0.753834
0.753331
0.753324
0.752995
0.752667
0.752163
0.751608
0.750978
0.750302
0.749606
0.748984
0.748571
0.748605
0.749387
0.751178
0.754054
0.757768
0.76171
0.765228
0.767685
0.768637
0.768068
0.766362
0.764128
0.761888
0.759927
0.758388
0.757249
0.756454
0.755919
0.755573
0.75535
0.755212
0.755119
0.755063
0.754999
0.755
0.752649
0.752952
0.753188
0.752819
0.752525
0.75208
0.751527
0.750862
0.750141
0.749358
0.748589
0.747946
0.747645
0.747978
0.749294
0.751801
0.755423
0.759674
0.763876
0.767283
0.769329
0.769723
0.7686
0.766506
0.764035
0.761681
0.759708
0.75818
0.757073
0.756312
0.755809
0.755488
0.755285
0.755161
0.755076
0.755027
0.754968
0.754971
0.751208
0.751726
0.752831
0.75265
0.752348
0.751928
0.751435
0.750769
0.750003
0.749153
0.748263
0.747419
0.746808
0.746692
0.747488
0.749507
0.752835
0.757222
0.761902
0.766162
0.769307
0.77084
0.770619
0.769
0.766538
0.763882
0.76146
0.75947
0.757964
0.756894
0.756171
0.7557
0.755404
0.755221
0.755111
0.755035
0.754993
0.754937
0.754944
0.740332
0.750463
0.751582
0.752285
0.752177
0.751749
0.751275
0.750665
0.74989
0.748982
0.747997
0.746985
0.746096
0.745571
0.745811
0.747241
0.750122
0.754351
0.759384
0.764335
0.768491
0.771228
0.77215
0.771354
0.769255
0.766491
0.763695
0.761198
0.759219
0.757742
0.756713
0.75603
0.755592
0.755322
0.755159
0.755062
0.754995
0.754959
0.754907
0.754917
0.739556
0.740332
0.750172
0.750961
0.751774
0.751574
0.751094
0.750493
0.749771
0.748845
0.747778
0.746633
0.745509
0.744611
0.744291
0.74507
0.747359
0.751236
0.756333
0.761835
0.766883
0.770771
0.772972
0.773288
0.771915
0.769403
0.766384
0.76345
0.760927
0.758951
0.757515
0.756532
0.75589
0.755486
0.755243
0.755099
0.755014
0.754957
0.754926
0.754879
0.754892
0.739135
0.739557
0.751208
0.749751
0.750443
0.751152
0.750916
0.750309
0.749585
0.748706
0.74761
0.746349
0.745035
0.743812
0.742989
0.74306
0.744621
0.747961
0.752887
0.758729
0.764508
0.769446
0.772921
0.774518
0.774221
0.772357
0.769478
0.766226
0.763176
0.760621
0.758673
0.757284
0.75635
0.755751
0.755383
0.755166
0.75504
0.754968
0.754919
0.754895
0.754851
0.754867
0.738575
0.739135
0.750463
0.752649
0.749245
0.749777
0.750447
0.750126
0.749399
0.748503
0.74744
0.746133
0.744657
0.743165
0.741894
0.741284
0.74201
0.744615
0.749152
0.755081
0.761446
0.767277
0.771944
0.774855
0.775849
0.775035
0.772719
0.76947
0.766009
0.76285
0.760301
0.758385
0.75705
0.756169
0.755615
0.755281
0.755092
0.754983
0.754924
0.754884
0.754864
0.754825
0.754844
0.737918
0.738575
0.750173
0.751726
0.753834
0.748667
0.749068
0.749636
0.74921
0.748312
0.747217
0.745922
0.744371
0.742653
0.740999
0.739777
0.739606
0.741304
0.745206
0.750976
0.757703
0.764342
0.770049
0.774212
0.776623
0.777123
0.775779
0.772986
0.769378
0.765725
0.762504
0.759955
0.75809
0.756815
0.755989
0.755481
0.755183
0.755019
0.754927
0.754881
0.754849
0.754835
0.7548
0.754821
0.737165
0.737917
0.749751
0.751582
0.752952
0.754176
0.748005
0.748215
0.748678
0.748115
0.747018
0.745674
0.744105
0.742266
0.740292
0.738526
0.737522
0.738161
0.741166
0.74651
0.753386
0.760633
0.767309
0.772597
0.776387
0.77833
0.778316
0.776435
0.773154
0.76921
0.765388
0.762116
0.759596
0.757789
0.756579
0.755812
0.75535
0.755089
0.754948
0.754874
0.75484
0.754817
0.754808
0.754775
0.7548
0.736306
0.737165
0.749245
0.750961
0.752831
0.753331
0.754342
0.747243
0.747242
0.747545
0.74681
0.745464
0.74382
0.741924
0.739756
0.737528
0.735768
0.735273
0.737162
0.74178
0.748547
0.756232
0.763744
0.770085
0.775124
0.778513
0.780025
0.779439
0.776988
0.773214
0.76897
0.764986
0.761704
0.75922
0.757484
0.756345
0.755637
0.755223
0.754997
0.75488
0.754823
0.754801
0.754785
0.754781
0.754752
0.754779
0.735319
0.736306
0.748668
0.750443
0.752285
0.753188
0.753545
0.754509
0.746332
0.746082
0.746195
0.745241
0.743592
0.741585
0.7393
0.736771
0.734342
0.732798
0.733348
0.736909
0.74327
0.751206
0.759396
0.766729
0.772895
0.777645
0.780682
0.781664
0.780481
0.777423
0.77316
0.768636
0.76454
0.761259
0.758835
0.757178
0.756113
0.755466
0.7551
0.754907
0.754814
0.754775
0.754764
0.754755
0.754756
0.75473
0.754759
0.734174
0.735319
0.748005
0.749777
0.751774
0.75265
0.753324
0.75372
0.754623
0.74524
0.744717
0.744578
0.743351
0.74133
0.738887
0.736145
0.733245
0.730753
0.72983
0.732032
0.737636
0.745587
0.754343
0.762515
0.76983
0.775779
0.780261
0.78286
0.783276
0.781415
0.777729
0.772992
0.768228
0.764051
0.760791
0.758442
0.756871
0.755884
0.755299
0.754983
0.75482
0.754751
0.754728
0.754729
0.754726
0.754732
0.754709
0.754741
0.732835
0.734173
0.747243
0.749068
0.751152
0.752177
0.752819
0.753493
0.753847
0.754684
0.743927
0.743076
0.742631
0.741062
0.738587
0.735621
0.732361
0.729134
0.726856
0.727331
0.731747
0.739417
0.748608
0.757546
0.765902
0.77297
0.778808
0.782942
0.785047
0.784788
0.782224
0.777892
0.772726
0.767729
0.763518
0.760301
0.758043
0.756566
0.755659
0.755138
0.754867
0.754737
0.754691
0.754684
0.754695
0.7547
0.754709
0.75469
0.754723
0.731257
0.732834
0.746333
0.748215
0.750447
0.751574
0.752348
0.752995
0.753622
0.753914
0.754734
0.742337
0.741122
0.74028
0.738282
0.735255
0.731661
0.727843
0.724457
0.722988
0.72575
0.732742
0.742204
0.751846
0.761164
0.769393
0.776419
0.781958
0.785673
0.787169
0.786197
0.782886
0.777901
0.772343
0.767164
0.762942
0.759796
0.757641
0.756264
0.755438
0.754984
0.754755
0.754657
0.754634
0.754641
0.754663
0.754674
0.754688
0.754671
0.754706
0.729385
0.731257
0.74524
0.747242
0.749636
0.750916
0.751749
0.752525
0.753131
0.753689
0.753972
0.754781
0.7404
0.738757
0.73743
0.734891
0.731188
0.726861
0.722513
0.719318
0.719876
0.725622
0.735103
0.745424
0.755702
0.765016
0.773149
0.77999
0.785201
0.78842
0.789273
0.787482
0.78338
0.777753
0.771844
0.766532
0.762332
0.75928
0.75724
0.755965
0.755224
0.754834
0.754647
0.75458
0.754579
0.754601
0.754633
0.75465
0.754667
0.754653
0.75469
0.72715
0.729384
0.743927
0.746082
0.748678
0.750126
0.751094
0.751928
0.752667
0.753203
0.753747
0.754031
0.754821
0.738023
0.735897
0.73396
0.730736
0.726204
0.721057
0.716363
0.714382
0.718217
0.727292
0.738243
0.749529
0.759894
0.76915
0.777193
0.783738
0.788522
0.791176
0.791254
0.788614
0.783689
0.77746
0.771232
0.765847
0.761691
0.758755
0.75684
0.755672
0.755018
0.754687
0.754543
0.754507
0.754527
0.754563
0.754605
0.754627
0.754648
0.754637
0.754675
0.724472
0.727149
0.742337
0.744717
0.747545
0.74921
0.750309
0.751275
0.75208
0.752743
0.753264
0.753807
0.754084
0.754853
0.735087
0.732406
0.729715
0.725621
0.720086
0.7141
0.709553
0.710726
0.71879
0.730232
0.74262
0.754122
0.764503
0.773663
0.78141
0.787592
0.791892
0.793887
0.793114
0.789565
0.783796
0.777026
0.770515
0.765099
0.761027
0.758227
0.756443
0.755386
0.75482
0.754546
0.754445
0.754438
0.754478
0.754526
0.754578
0.754605
0.75463
0.754621
0.75466
0.72126
0.724472
0.7404
0.743076
0.746195
0.748115
0.749399
0.750493
0.751435
0.752163
0.752808
0.75333
0.753862
0.754135
0.754877
0.731468
0.728129
0.724467
0.719294
0.712545
0.70594
0.703458
0.709638
0.721315
0.734936
0.747708
0.759248
0.769511
0.778377
0.785806
0.791552
0.795291
0.796522
0.794829
0.790307
0.783691
0.776416
0.769698
0.764304
0.760346
0.757698
0.756053
0.75511
0.754628
0.75441
0.754351
0.754372
0.754431
0.754492
0.754552
0.754585
0.754613
0.754606
0.754647
0.717418
0.721259
0.738023
0.741122
0.744578
0.74681
0.748312
0.749585
0.750665
0.751527
0.752235
0.75288
0.753395
0.753916
0.754181
0.754896
0.727014
0.722851
0.717966
0.711351
0.703371
0.696852
0.699936
0.711369
0.726497
0.740656
0.753465
0.764861
0.774789
0.783329
0.790337
0.795582
0.798674
0.799067
0.796359
0.790813
0.783378
0.775664
0.768817
0.763462
0.759654
0.757171
0.755669
0.754844
0.75444
0.75428
0.754261
0.75431
0.754387
0.75446
0.754528
0.754566
0.754597
0.754593
0.754635
0.712898
0.717418
0.735088
0.738757
0.742631
0.745241
0.747018
0.748503
0.749771
0.750769
0.751608
0.752318
0.752954
0.75346
0.753966
0.754226
0.754915
0.721657
0.716303
0.709744
0.70146
0.691914
0.69027
0.700096
0.717226
0.733043
0.747321
0.759828
0.770787
0.780332
0.788437
0.79498
0.799659
0.802031
0.801457
0.797671
0.791059
0.782881
0.77475
0.767841
0.762589
0.758957
0.75665
0.755297
0.75459
0.75426
0.754157
0.754177
0.754252
0.754346
0.75443
0.754506
0.754547
0.754583
0.75458
0.754623
0.707278
0.712898
0.731468
0.735897
0.74028
0.743351
0.745464
0.747217
0.748706
0.74989
0.750862
0.751705
0.752406
0.753033
0.753526
0.754015
0.754276
0.754936
0.715056
0.707941
0.699505
0.688251
0.681197
0.687421
0.707016
0.72501
0.740887
0.754533
0.766516
0.777
0.78606
0.793694
0.799706
0.803763
0.805275
0.803671
0.798723
0.791019
0.782142
0.773705
0.766802
0.761689
0.758258
0.756136
0.754937
0.754339
0.754087
0.75404
0.754097
0.754196
0.754307
0.754402
0.754485
0.75453
0.754569
0.754567
0.754613
0.700404
0.707278
0.727014
0.732406
0.73743
0.741062
0.743592
0.745674
0.74744
0.748845
0.750003
0.750978
0.751811
0.752502
0.753116
0.753595
0.754071
0.754334
0.754952
0.706475
0.697676
0.684752
0.674401
0.673052
0.696269
0.716756
0.734334
0.74922
0.76218
0.773505
0.783404
0.791949
0.799053
0.80449
0.807832
0.808452
0.805672
0.799481
0.790696
0.781209
0.772557
0.765696
0.760774
0.757562
0.755632
0.754593
0.754098
0.753923
0.753928
0.754021
0.754144
0.75427
0.754375
0.754465
0.754514
0.754556
0.754556
0.754603
0.69156
0.700403
0.721657
0.728129
0.73396
0.738282
0.74133
0.74382
0.745922
0.74761
0.748982
0.750141
0.751106
0.75193
0.752608
0.753205
0.753674
0.754138
0.754396
0.754961
0.696181
0.681761
0.669702
0.657052
0.685153
0.708727
0.727913
0.744132
0.757996
0.770039
0.780655
0.789963
0.797949
0.804494
0.809306
0.811879
0.811431
0.807413
0.799907
0.790121
0.780047
0.771289
0.764544
0.759851
0.756873
0.755145
0.754262
0.753866
0.753767
0.753823
0.75395
0.754095
0.754236
0.75435
0.754446
0.754499
0.754544
0.754546
0.754594
0.68112
0.69156
0.715056
0.722851
0.729715
0.734891
0.738587
0.741585
0.744105
0.746133
0.747778
0.749153
0.750302
0.751256
0.752064
0.752725
0.753306
0.753768
0.75421
0.754458
0.754966
0.679504
0.667376
0.640138
0.674772
0.70175
0.722325
0.739461
0.754147
0.766839
0.778025
0.787932
0.796623
0.804038
0.809988
0.81413
0.815796
0.814209
0.808839
0.799958
0.789227
0.778712
0.769925
0.763355
0.758926
0.756195
0.754676
0.753935
0.753646
0.753619
0.753725
0.753883
0.75405
0.754204
0.754327
0.754428
0.754485
0.754533
0.754536
0.754586
0.664293
0.68112
0.706475
0.716303
0.724467
0.730736
0.735255
0.738887
0.741924
0.744371
0.746349
0.747997
0.749358
0.750493
0.75143
0.752216
0.752859
0.753427
0.753873
0.754285
0.75452
0.754967
0.66638
0.620759
0.665276
0.696262
0.71786
0.735654
0.750797
0.764058
0.775711
0.786055
0.795269
0.803358
0.810186
0.815519
0.818908
0.81963
0.816741
0.809904
0.799629
0.788059
0.7772
0.768473
0.762144
0.758006
0.755534
0.754227
0.753623
0.753436
0.753479
0.753631
0.753821
0.754007
0.754174
0.754306
0.754412
0.754471
0.754523
0.754527
0.754579
0.650366
0.664292
0.696181
0.70794
0.717966
0.725621
0.731188
0.735621
0.7393
0.742266
0.744657
0.746633
0.748263
0.749606
0.75072
0.75163
0.752393
0.75302
0.753564
0.753986
0.754364
0.754583
0.754967
0.604025
0.658216
0.691905
0.71461
0.732931
0.748311
0.761764
0.773796
0.784501
0.794088
0.802653
0.810144
0.816379
0.821053
0.823655
0.823241
0.818974
0.810551
0.798961
0.786588
0.775563
0.766955
0.760922
0.757095
0.754896
0.753792
0.753325
0.753237
0.753348
0.753544
0.753762
0.753967
0.754146
0.754286
0.754397
0.754459
0.754513
0.754518
0.754572
0.567619
0.650365
0.679504
0.697676
0.709744
0.719294
0.726204
0.731661
0.736145
0.739756
0.742653
0.745035
0.746985
0.748589
0.749903
0.750984
0.751862
0.752604
0.753206
0.753715
0.754106
0.754447
0.754649
0.754966
0.648842
0.68925
0.71204
0.731087
0.746732
0.760244
0.772334
0.783332
0.793211
0.802105
0.810056
0.816966
0.822594
0.826581
0.828258
0.826631
0.820837
0.810714
0.797867
0.784871
0.773769
0.765384
0.759698
0.756199
0.754284
0.753367
0.75304
0.75305
0.753224
0.753462
0.753707
0.75393
0.75412
0.754267
0.754383
0.754448
0.754505
0.75451
0.754566
0.618658
0.567619
0.66638
0.681761
0.699505
0.711351
0.720086
0.726861
0.732361
0.736771
0.740292
0.743165
0.745509
0.747419
0.748984
0.750254
0.751292
0.752138
0.752848
0.753412
0.753877
0.754237
0.754536
0.754717
0.754964
0.687898
0.710209
0.729498
0.745754
0.759451
0.771544
0.782539
0.792673
0.80183
0.810099
0.817471
0.823809
0.828817
0.832052
0.832763
0.829748
0.82226
0.810384
0.796404
0.782892
0.771867
0.763782
0.75848
0.755331
0.753699
0.752962
0.752771
0.752873
0.753108
0.753385
0.753656
0.753896
0.754096
0.75425
0.75437
0.754437
0.754496
0.754503
0.754561
0.663913
0.618658
0.604025
0.667376
0.684752
0.70146
0.712545
0.721057
0.727843
0.733245
0.737528
0.740999
0.743812
0.746096
0.747946
0.749453
0.750661
0.751654
0.752458
0.753117
0.753634
0.754056
0.754377
0.754634
0.754782
0.754964
0.709993
0.7285
0.744715
0.759023
0.771317
0.782317
0.792429
0.801843
0.810373
0.818072
0.824894
0.830664
0.835027
0.837479
0.837039
0.832524
0.823171
0.809595
0.794525
0.78077
0.769866
0.762165
0.757276
0.754493
0.753123
0.752576
0.752517
0.752707
0.752999
0.753314
0.753609
0.753864
0.754074
0.754234
0.754358
0.754428
0.754489
0.754496
0.754557
0.688702
0.663913
0.648842
0.620759
0.669702
0.688251
0.703371
0.7141
0.722513
0.729134
0.734342
0.738526
0.741894
0.744611
0.746808
0.748571
0.749994
0.751137
0.752071
0.752814
0.753413
0.753877
0.75425
0.754525
0.754738
0.754855
0.754964
0.728883
0.744217
0.758389
0.771285
0.782516
0.792669
0.802069
0.810872
0.818854
0.82603
0.832322
0.837519
0.841221
0.842751
0.841078
0.834877
0.823467
0.80824
0.792312
0.778416
0.767796
0.760546
0.756095
0.753695
0.752571
0.75221
0.752278
0.752551
0.752898
0.753247
0.753564
0.753834
0.754054
0.75422
0.754347
0.754419
0.754482
0.75449
0.754553
0.710503
0.688702
0.687897
0.658216
0.640138
0.674401
0.691914
0.70594
0.716363
0.724457
0.730753
0.735768
0.739777
0.742989
0.745571
0.747645
0.749291
0.750619
0.751684
0.752539
0.753205
0.753735
0.754139
0.754455
0.754682
0.754844
0.754937
0.754962
0.744816
0.758102
0.770912
0.782777
0.793203
0.802698
0.811512
0.819794
0.827291
0.83398
0.839754
0.844372
0.847348
0.84793
0.844826
0.836709
0.823142
0.806387
0.789733
0.775922
0.765682
0.758936
0.754955
0.752924
0.752044
0.751865
0.752054
0.752406
0.752803
0.753185
0.753523
0.753806
0.754035
0.754207
0.754337
0.754411
0.754476
0.754485
0.754549
0.728478
0.710503
0.709993
0.68925
0.665276
0.657052
0.681197
0.696852
0.709553
0.719318
0.726856
0.732798
0.737522
0.741284
0.744291
0.746692
0.748605
0.750122
0.751337
0.752292
0.753045
0.753625
0.754075
0.754415
0.754666
0.754843
0.754951
0.755018
0.75496
0.759141
0.770809
0.782593
0.793692
0.803512
0.81249
0.820804
0.828646
0.835702
0.841928
0.847189
0.851209
0.853415
0.852885
0.848203
0.837909
0.822174
0.803974
0.786974
0.773293
0.763548
0.757347
0.75386
0.752168
0.751543
0.751539
0.751844
0.75227
0.752715
0.753127
0.753485
0.753781
0.754017
0.754194
0.754327
0.754404
0.75447
0.75448
0.754547
0.74395
0.728478
0.728883
0.710209
0.691905
0.674772
0.673052
0.69027
0.703458
0.714382
0.722988
0.72983
0.735273
0.739606
0.74306
0.745811
0.747978
0.749693
0.751048
0.752119
0.752945
0.753582
0.754066
0.754428
0.754697
0.754878
0.755005
0.755055
0.755089
0.754959
0.772068
0.782642
0.793646
0.804185
0.813554
0.822104
0.830005
0.837455
0.844105
0.849882
0.854627
0.858013
0.859345
0.85761
0.851099
0.838354
0.820471
0.801108
0.783892
0.770572
0.761413
0.755799
0.752817
0.751448
0.751071
0.751234
0.751647
0.752143
0.752633
0.753074
0.75345
0.753758
0.754001
0.754183
0.754319
0.754398
0.754465
0.754475
0.754544
0.757779
0.74395
0.744816
0.7285
0.71204
0.696262
0.685153
0.68742
0.699936
0.710726
0.719876
0.727331
0.733348
0.738161
0.74201
0.74507
0.747488
0.749387
0.750884
0.752052
0.752948
0.753629
0.754136
0.754517
0.754782
0.754979
0.755085
0.75516
0.755153
0.755156
0.754958
0.784018
0.79383
0.804277
0.814383
0.823398
0.831607
0.839148
0.846242
0.852511
0.857845
0.862063
0.864745
0.865178
0.862055
0.85339
0.838019
0.818079
0.797751
0.78063
0.767792
0.759294
0.754309
0.751797
0.750764
0.750627
0.750949
0.751464
0.752025
0.752556
0.753024
0.753418
0.753736
0.753987
0.754173
0.754311
0.754392
0.75446
0.754471
0.754542
0.770438
0.757779
0.759141
0.744217
0.729498
0.71461
0.70175
0.696269
0.700096
0.709638
0.718217
0.72575
0.732032
0.737162
0.741304
0.744621
0.747241
0.749294
0.750902
0.752147
0.753094
0.753798
0.754324
0.754692
0.754966
0.755128
0.75525
0.755282
0.755303
0.755248
0.755218
0.754958
0.795291
0.804575
0.814595
0.824387
0.833112
0.84104
0.848281
0.855037
0.860931
0.865823
0.869478
0.871412
0.870824
0.866127
0.854903
0.836774
0.81496
0.794161
0.777192
0.764988
0.757205
0.752883
0.750814
0.750118
0.75021
0.750682
0.751293
0.751915
0.752486
0.752979
0.753388
0.753716
0.753973
0.754163
0.754304
0.754386
0.754455
0.754468
0.75454
0.782244
0.770438
0.772067
0.758102
0.744715
0.731087
0.71786
0.708727
0.707016
0.711369
0.71879
0.725622
0.731747
0.736909
0.741166
0.744615
0.747359
0.749507
0.751178
0.752468
0.753429
0.754145
0.754645
0.755009
0.755232
0.755395
0.755454
0.755496
0.755467
0.755433
0.755329
0.755271
0.754957
0.806103
0.815014
0.824711
0.834236
0.842778
0.850447
0.857405
0.863857
0.869379
0.87381
0.876857
0.877963
0.876286
0.869677
0.855509
0.83457
0.811221
0.790145
0.773635
0.762185
0.755182
0.751516
0.749879
0.749512
0.749821
0.750434
0.751135
0.751814
0.752421
0.752937
0.753361
0.753698
0.753961
0.754155
0.754297
0.754381
0.754451
0.754464
0.754538
0.793476
0.782244
0.784018
0.770809
0.758389
0.745754
0.732931
0.722325
0.716756
0.717226
0.721314
0.727292
0.732742
0.737636
0.74178
0.745206
0.747961
0.750122
0.751801
0.753075
0.754026
0.754692
0.755168
0.755457
0.755657
0.755735
0.755781
0.755755
0.755717
0.755625
0.75554
0.755394
0.755313
0.754958
0.816589
0.82526
0.83468
0.844033
0.852412
0.859889
0.866557
0.872699
0.877854
0.881811
0.884151
0.884416
0.881544
0.872497
0.855044
0.831412
0.806862
0.785898
0.770003
0.759406
0.753238
0.750173
0.748993
0.748941
0.749459
0.750203
0.750988
0.751721
0.752361
0.752898
0.753336
0.753682
0.75395
0.754147
0.754291
0.754377
0.754448
0.754462
0.754536
0.804296
0.793476
0.795291
0.782642
0.770912
0.759023
0.746732
0.735654
0.727913
0.72501
0.726497
0.730232
0.735103
0.739417
0.74327
0.74651
0.749152
0.751236
0.752835
0.754054
0.754913
0.755518
0.755889
0.756118
0.756205
0.756235
0.75619
0.756123
0.75601
0.755898
0.755754
0.755623
0.755442
0.755344
0.754958
0.826884
0.835346
0.844607
0.853809
0.862059
0.869366
0.875767
0.881596
0.886336
0.889777
0.891339
0.8908
0.88649
0.874374
0.853325
0.827324
0.802184
0.781427
0.766342
0.756687
0.75139
0.748894
0.74816
0.748409
0.749122
0.74999
0.750853
0.751634
0.752306
0.752863
0.753313
0.753667
0.75394
0.75414
0.754286
0.754373
0.754445
0.754459
0.754534
0.814892
0.804296
0.806102
0.79383
0.782592
0.771285
0.759451
0.748311
0.739461
0.734334
0.733043
0.734936
0.738243
0.742204
0.745587
0.748547
0.750976
0.752887
0.754351
0.755423
0.756168
0.756627
0.756873
0.756959
0.756949
0.756862
0.756733
0.756564
0.756394
0.75621
0.756036
0.755848
0.755681
0.755473
0.755363
0.754959
0.837022
0.845429
0.854507
0.86361
0.871754
0.878901
0.885043
0.890527
0.894867
0.897673
0.898402
0.897205
0.890898
0.875007
0.850314
0.822423
0.796983
0.776811
0.762689
0.754069
0.749591
0.747683
0.74738
0.747915
0.748809
0.749792
0.750728
0.751555
0.752255
0.75283
0.753292
0.753653
0.753931
0.754134
0.754281
0.754369
0.754442
0.754457
0.754532
0.825273
0.814892
0.816589
0.804575
0.793646
0.782777
0.771317
0.760244
0.750797
0.744132
0.740887
0.740656
0.74262
0.745424
0.748608
0.751206
0.753386
0.755081
0.756333
0.757222
0.757768
0.758025
0.758103
0.758036
0.757874
0.757642
0.757379
0.757114
0.756845
0.756593
0.75635
0.75613
0.755909
0.755715
0.755489
0.755374
0.754958
0.847122
0.855496
0.864432
0.873475
0.881516
0.888504
0.894387
0.899501
0.903415
0.905368
0.905492
0.903744
0.894414
0.874067
0.846031
0.816767
0.791495
0.772105
0.759075
0.751563
0.747851
0.746543
0.746651
0.747456
0.74852
0.74961
0.750613
0.751482
0.752209
0.752801
0.753273
0.753641
0.753923
0.754128
0.754277
0.754366
0.754439
0.754455
0.75453
0.835617
0.825274
0.826884
0.815014
0.804277
0.793692
0.782515
0.771544
0.761763
0.754147
0.74922
0.747321
0.747708
0.749529
0.751846
0.754343
0.756232
0.757703
0.758729
0.759384
0.759674
0.759736
0.759601
0.759329
0.758965
0.758563
0.758152
0.75775
0.757374
0.757028
0.756717
0.756432
0.75618
0.755938
0.755727
0.755492
0.755374
0.754955
0.857222
0.865607
0.874439
0.883419
0.891359
0.898209
0.903759
0.908553
0.91184
0.91278
0.912853
0.910145
0.896515
0.871387
0.840607
0.810713
0.785736
0.767363
0.755568
0.749166
0.746201
0.745477
0.745975
0.747031
0.748254
0.749443
0.750507
0.751416
0.752167
0.752774
0.753256
0.75363
0.753915
0.754123
0.754273
0.754363
0.754437
0.754454
0.754528
0.845939
0.835617
0.837022
0.82526
0.814595
0.804185
0.793203
0.782317
0.772334
0.764058
0.757996
0.754533
0.753464
0.754122
0.755702
0.757546
0.759396
0.760633
0.761446
0.761835
0.761902
0.76171
0.761324
0.760803
0.760221
0.759617
0.759024
0.758472
0.757966
0.757516
0.757117
0.756769
0.75646
0.756191
0.75594
0.755723
0.755487
0.755366
0.754938
0.867343
0.875808
0.88454
0.89346
0.901319
0.90798
0.913191
0.917656
0.919905
0.920218
0.921102
0.915737
0.896523
0.86702
0.834176
0.804034
0.779808
0.762642
0.752194
0.746807
0.744643
0.74448
0.745351
0.74664
0.748008
0.749289
0.750411
0.751355
0.752129
0.75275
0.753241
0.75362
0.753909
0.754118
0.754269
0.754361
0.754435
0.754452
0.754526
0.856278
0.84594
0.847121
0.835346
0.824711
0.814383
0.803512
0.792669
0.782539
0.773796
0.766839
0.76218
0.759828
0.759248
0.759894
0.761164
0.762515
0.763744
0.764342
0.764508
0.764335
0.763876
0.763218
0.762435
0.761602
0.760771
0.75998
0.759256
0.758607
0.758038
0.757546
0.757121
0.756759
0.756444
0.756171
0.755922
0.755707
0.755476
0.755341
0.754923
0.877577
0.88611
0.894748
0.903625
0.911393
0.917784
0.922771
0.926549
0.927231
0.928671
0.930473
0.919563
0.894214
0.861111
0.826895
0.797022
0.773776
0.75801
0.748996
0.744567
0.743186
0.743555
0.744773
0.746279
0.747784
0.749149
0.750323
0.7513
0.752094
0.752728
0.753227
0.753611
0.753903
0.754115
0.754266
0.754358
0.754433
0.754451
0.754524
0.866692
0.856278
0.857222
0.845429
0.83468
0.824387
0.813554
0.802698
0.792429
0.783332
0.775711
0.770039
0.766516
0.764861
0.764503
0.765016
0.765902
0.766729
0.767309
0.767277
0.766882
0.766162
0.765228
0.764166
0.763064
0.76199
0.760983
0.760075
0.759273
0.758579
0.757986
0.757483
0.757058
0.7567
0.756393
0.756127
0.755892
0.755682
0.755453
0.755304
0.754878
0.887921
0.896521
0.905093
0.913931
0.921513
0.927687
0.932427
0.934627
0.934558
0.939595
0.938917
0.920478
0.889714
0.85391
0.819145
0.789698
0.767711
0.753538
0.74586
0.742449
0.741826
0.742704
0.744242
0.745949
0.747578
0.749021
0.750243
0.75125
0.752063
0.752709
0.753215
0.753604
0.753898
0.754111
0.754264
0.754357
0.754432
0.75445
0.754522
0.877236
0.866693
0.867343
0.855496
0.844606
0.834236
0.823398
0.81249
0.802069
0.792673
0.784501
0.778025
0.773505
0.770787
0.769511
0.76915
0.769393
0.76983
0.770085
0.770049
0.769446
0.768491
0.767283
0.765936
0.764561
0.763231
0.761997
0.760898
0.759934
0.759111
0.758414
0.757831
0.757346
0.756942
0.756604
0.756318
0.756073
0.755852
0.75565
0.755435
0.755275
0.898367
0.907086
0.915587
0.924337
0.931675
0.937799
0.94169
0.941034
0.944556
0.952837
0.94446
0.918206
0.883332
0.845586
0.8107
0.782185
0.761687
0.749262
0.742841
0.740463
0.740565
0.741919
0.743754
0.745647
0.747391
0.748905
0.750171
0.751205
0.752035
0.752692
0.753204
0.753597
0.753894
0.754108
0.754261
0.754355
0.754431
0.754449
0.75452
0.887884
0.877237
0.877577
0.865607
0.854506
0.844033
0.833112
0.822104
0.811512
0.801843
0.793211
0.786055
0.780655
0.777
0.774789
0.773663
0.773149
0.77297
0.772895
0.772597
0.771944
0.770771
0.769307
0.767685
0.766022
0.764436
0.762974
0.761671
0.76055
0.7596
0.758806
0.758148
0.757607
0.757162
0.756796
0.756491
0.756236
0.756013
0.755808
0.755607
0.755375
0.908986
0.917793
0.926248
0.934743
0.942041
0.947978
0.94854
0.948226
0.960369
0.964861
0.945377
0.913336
0.875284
0.83638
0.801888
0.774555
0.755836
0.74516
0.739982
0.738614
0.739401
0.741199
0.743309
0.745372
0.747222
0.7488
0.750106
0.751165
0.752011
0.752676
0.753195
0.753591
0.75389
0.754106
0.75426
0.754354
0.75443
0.754448
0.754518
0.898703
0.887884
0.88792
0.875807
0.864432
0.853809
0.842778
0.831607
0.820804
0.810872
0.80183
0.794088
0.787932
0.783404
0.780332
0.778377
0.777193
0.776419
0.775779
0.775124
0.774212
0.772921
0.771228
0.769329
0.767405
0.765544
0.763859
0.762372
0.761096
0.760027
0.759143
0.758419
0.757829
0.757348
0.756958
0.756638
0.756377
0.756153
0.755955
0.755754
0.755554
0.919742
0.928674
0.936907
0.945288
0.952758
0.956363
0.953164
0.962555
0.980463
0.970515
0.942507
0.906219
0.865975
0.82667
0.792731
0.766897
0.750198
0.741119
0.737292
0.736898
0.738335
0.74054
0.742904
0.745123
0.747068
0.748706
0.750048
0.75113
0.751989
0.752663
0.753187
0.753586
0.753887
0.754104
0.754258
0.754353
0.754429
0.754448
0.754516
0.909676
0.898704
0.898367
0.88611
0.874439
0.86361
0.852412
0.84104
0.830005
0.819794
0.810373
0.802105
0.795269
0.789963
0.78606
0.783329
0.78141
0.77999
0.778808
0.777645
0.776387
0.774855
0.772971
0.77084
0.768637
0.766543
0.764633
0.762961
0.761547
0.760372
0.75941
0.75863
0.758001
0.757494
0.757086
0.756755
0.756489
0.756265
0.756078
0.755887
0.755697
0.93068
0.939624
0.94761
0.956344
0.962573
0.959145
0.962022
0.990105
0.993254
0.969828
0.936734
0.897366
0.855525
0.816235
0.783361
0.759359
0.744843
0.737289
0.734789
0.735315
0.73736
0.739941
0.742537
0.744899
0.746931
0.748621
0.749997
0.751099
0.751971
0.752652
0.753181
0.753583
0.753885
0.754102
0.754257
0.754352
0.754428
0.754448
0.754515
0.920816
0.909676
0.908986
0.896521
0.88454
0.873475
0.862059
0.850447
0.839148
0.828646
0.818854
0.810099
0.802653
0.796623
0.791949
0.788437
0.785806
0.783738
0.781958
0.780261
0.778513
0.776623
0.774518
0.77215
0.769723
0.767381
0.76527
0.763433
0.76189
0.760623
0.759597
0.758774
0.758115
0.757589
0.757171
0.756836
0.75657
0.756353
0.756174
0.755997
0.755827
0.941808
0.950471
0.958914
0.967327
0.965985
0.96382
0.994306
1.01359
0.994747
0.965595
0.928676
0.887029
0.844217
0.805395
0.773868
0.752046
0.739533
0.733675
0.732462
0.733869
0.73647
0.739398
0.742206
0.744697
0.746808
0.748547
0.749952
0.751072
0.751955
0.752643
0.753175
0.75358
0.753883
0.754102
0.754256
0.754352
0.754428
0.754448
0.754515
0.932235
0.920817
0.919742
0.907086
0.894748
0.883419
0.871754
0.859889
0.848281
0.837455
0.827291
0.818072
0.810056
0.803358
0.797949
0.793694
0.790336
0.787592
0.7852
0.782942
0.780682
0.77833
0.775849
0.773288
0.770619
0.768068
0.765765
0.763778
0.762123
0.760778
0.759702
0.758845
0.758167
0.757633
0.757212
0.756879
0.756618
0.756409
0.756241
0.756083
0.755933
0.952753
0.961881
0.970699
0.971339
0.967644
0.99147
1.03144
1.01696
0.991778
0.958528
0.918919
0.875534
0.832395
0.794161
0.764384
0.745064
0.734454
0.730296
0.730321
0.73255
0.735665
0.738908
0.741909
0.744517
0.746699
0.748481
0.749913
0.751049
0.751942
0.752636
0.753172
0.753578
0.753883
0.754101
0.754256
0.754352
0.754428
0.754448
0.754516
0.943449
0.932235
0.930679
0.917793
0.905093
0.89346
0.881516
0.869366
0.857405
0.846242
0.835702
0.82603
0.817471
0.810144
0.804038
0.799053
0.79498
0.791552
0.788522
0.785673
0.78286
0.780025
0.777123
0.774221
0.771354
0.7686
0.766126
0.764003
0.762251
0.760845
0.759728
0.758849
0.758163
0.757628
0.757211
0.756886
0.756632
0.756435
0.756282
0.756142
0.756015
0.964238
0.974323
0.976148
0.967384
0.985293
1.04628
1.03613
1.01483
0.985805
0.949569
0.907732
0.86293
0.81981
0.782685
0.755131
0.738293
0.729645
0.727166
0.72836
0.731354
0.734938
0.738469
0.741645
0.744358
0.746604
0.748425
0.74988
0.75103
0.751931
0.752631
0.753169
0.753577
0.753882
0.754101
0.754256
0.754351
0.754428
0.754448
0.754518
0.954723
0.943449
0.941808
0.928674
0.915587
0.903625
0.891359
0.878901
0.866557
0.855037
0.844105
0.83398
0.824894
0.816966
0.810186
0.804493
0.799706
0.795582
0.791891
0.788419
0.785047
0.781664
0.778316
0.775035
0.771915
0.769
0.766362
0.764121
0.762288
0.760831
0.759684
0.758795
0.758109
0.75758
0.757173
0.756859
0.756618
0.756433
0.756293
0.756174
0.756065
0.977046
0.981083
0.969868
0.983495
1.05765
1.05216
1.03461
1.00992
0.977698
0.938996
0.895242
0.849484
0.806754
0.771069
0.746165
0.731624
0.725131
0.724281
0.72658
0.730272
0.734287
0.738078
0.741411
0.744218
0.746521
0.748377
0.749853
0.751016
0.751924
0.752627
0.753168
0.753577
0.753882
0.754101
0.754256
0.754351
0.754428
0.754448
0.75452
0.969027
0.954723
0.952753
0.939624
0.926248
0.913931
0.901319
0.888504
0.875767
0.863857
0.852511
0.841928
0.832322
0.823809
0.816379
0.809988
0.80449
0.799659
0.795291
0.791176
0.787169
0.783276
0.779439
0.775779
0.772357
0.769255
0.766506
0.764152
0.762256
0.760753
0.759587
0.758694
0.758013
0.757496
0.757102
0.756803
0.756577
0.756406
0.756282
0.756175
0.756099
0.984693
0.972658
0.982221
1.06614
1.06487
1.05114
1.03063
1.00261
0.967988
0.927035
0.881704
0.835482
0.793204
0.759556
0.73757
0.725304
0.720943
0.72164
0.724972
0.729303
0.733707
0.737733
0.741206
0.744098
0.746452
0.748338
0.749832
0.751005
0.751919
0.752626
0.753168
0.753577
0.753882
0.754101
0.754256
0.754352
0.754428
0.754448
0.754522
0.981704
0.969027
0.964238
0.95047
0.936907
0.924337
0.911393
0.898209
0.885043
0.872699
0.860931
0.849882
0.839754
0.830663
0.822594
0.815519
0.809306
0.803763
0.798674
0.793887
0.789273
0.784788
0.780481
0.776435
0.772719
0.769403
0.766538
0.764128
0.762167
0.760629
0.75945
0.758558
0.757887
0.757384
0.757006
0.756723
0.756513
0.756358
0.75625
0.756158
0.756105
0.975982
0.98239
1.07243
1.07436
1.06432
1.04789
1.02409
0.993801
0.956782
0.913828
0.867043
0.820634
0.779384
0.748276
0.728958
0.719343
0.717086
0.719245
0.723527
0.728439
0.733195
0.737431
0.741029
0.743996
0.746394
0.748307
0.749817
0.750998
0.751917
0.752626
0.753169
0.753578
0.753883
0.754101
0.754256
0.754352
0.754429
0.754449
0.754524
0.973313
0.981704
0.977046
0.961881
0.94761
0.934743
0.921513
0.90798
0.894387
0.881596
0.869379
0.857845
0.847189
0.837519
0.828817
0.821053
0.81413
0.807832
0.802031
0.796522
0.791254
0.786197
0.781415
0.776988
0.772986
0.769478
0.766491
0.764035
0.762048
0.760474
0.759288
0.7584
0.757741
0.757253
0.756893
0.756627
0.756433
0.756292
0.756196
0.756127
0.756092
0.984515
1.07785
1.08145
1.07427
1.06167
1.04205
1.0161
0.98345
0.944238
0.899393
0.851445
0.805181
0.765456
0.737473
0.720749
0.713776
0.713549
0.717089
0.722237
0.727677
0.732747
0.73717
0.740879
0.743912
0.746349
0.748284
0.749807
0.750996
0.751918
0.752627
0.75317
0.753578
0.753883
0.754101
0.754256
0.754352
0.75443
0.75445
0.754526
0.976588
0.973312
0.984693
0.974323
0.958914
0.945288
0.931674
0.917784
0.903759
0.890527
0.877854
0.865823
0.854627
0.844372
0.835027
0.826581
0.818908
0.811879
0.805275
0.799067
0.793114
0.787482
0.782224
0.777423
0.773154
0.76947
0.766384
0.763882
0.761888
0.760314
0.759113
0.758234
0.757586
0.757113
0.756769
0.75652
0.756341
0.756214
0.756134
0.756083
0.756059
1.08169
1.08773
1.08177
1.0721
1.05643
1.03475
1.00662
0.971749
0.930449
0.883878
0.835173
0.78909
0.75166
0.72664
0.712943
0.708632
0.710342
0.715164
0.721097
0.727009
0.73236
0.736949
0.740755
0.743845
0.746316
0.74827
0.749803
0.750996
0.751919
0.752629
0.75317
0.753578
0.753882
0.754101
0.754256
0.754353
0.754431
0.754451
0.754528
1.07282
0.976584
0.975983
0.981083
0.970699
0.956344
0.942041
0.927687
0.913191
0.899501
0.886336
0.87381
0.862062
0.851209
0.841221
0.832052
0.823655
0.815796
0.808452
0.801457
0.794829
0.788614
0.782886
0.777729
0.773214
0.769378
0.766226
0.763695
0.761681
0.760129
0.758949
0.758065
0.757429
0.75697
0.756642
0.756407
0.756243
0.756129
0.756063
0.756024
0.756012
1.09121
1.08838
1.08002
1.06737
1.0497
1.02606
0.995742
0.958805
0.915424
0.867145
0.817903
0.772707
0.738231
0.716134
0.705623
0.703924
0.707462
0.713456
0.720098
0.726433
0.732032
0.736766
0.740658
0.743797
0.746295
0.748264
0.749803
0.750998
0.751922
0.75263
0.75317
0.753578
0.753882
0.754101
0.754257
0.754354
0.754432
0.754452
0.75453
1.0916
1.07282
0.98452
0.972657
0.976147
0.967327
0.952758
0.937799
0.922771
0.908552
0.894867
0.881811
0.869478
0.858013
0.847348
0.837479
0.828258
0.81963
0.811431
0.803671
0.796359
0.789565
0.78338
0.777892
0.77316
0.76921
0.766009
0.76345
0.76146
0.759927
0.758772
0.757909
0.757277
0.756831
0.756516
0.756295
0.756144
0.756041
0.755986
0.755955
0.755956
1.09313
1.08695
1.07573
1.06114
1.04166
1.01593
0.983671
0.944592
0.899089
0.849398
0.799796
0.756231
0.724898
0.70609
0.698837
0.699657
0.704901
0.711956
0.719235
0.725943
0.73176
0.736621
0.740585
0.743765
0.746285
0.748264
0.749807
0.751002
0.751923
0.75263
0.75317
0.753577
0.753882
0.754102
0.754258
0.754355
0.754433
0.754454
0.754532
1.0926
1.0916
1.08169
0.98239
0.969867
0.971338
0.962573
0.947978
0.932427
0.917656
0.903415
0.889777
0.876857
0.864745
0.853415
0.842751
0.832763
0.823241
0.814209
0.805672
0.797671
0.790307
0.783689
0.777901
0.772992
0.76897
0.765725
0.763176
0.761198
0.759708
0.758585
0.75775
0.757139
0.7567
0.756396
0.756187
0.756047
0.755953
0.755907
0.755882
0.755893
1.09189
1.08303
1.06994
1.05364
1.03219
1.00465
0.970384
0.929055
0.881531
0.830614
0.780928
0.739921
0.711625
0.6966
0.692642
0.695831
0.702649
0.710658
0.718501
0.725538
0.731544
0.736513
0.740538
0.74375
0.746286
0.748269
0.749811
0.751004
0.751923
0.752629
0.753169
0.753577
0.753883
0.754102
0.75426
0.754357
0.754435
0.754455
0.754534
1.09194
1.0926
1.09121
1.07785
0.982221
0.967383
0.965985
0.956363
0.94169
0.926549
0.91184
0.897672
0.884151
0.871412
0.859345
0.84793
0.837038
0.826631
0.816741
0.807413
0.798723
0.790813
0.783796
0.777753
0.772726
0.768636
0.765388
0.76285
0.760927
0.75947
0.758388
0.757589
0.757004
0.756582
0.756286
0.756085
0.755955
0.755868
0.755829
0.755807
0.755827
1.08817
1.0775
1.0629
1.0447
1.02157
0.992233
0.955778
0.912187
0.862592
0.810679
0.761724
0.723693
0.698862
0.687733
0.686995
0.692439
0.700687
0.70955
0.71789
0.725213
0.731382
0.736441
0.740514
0.74375
0.746292
0.748276
0.749814
0.751004
0.751922
0.752627
0.753168
0.753577
0.753883
0.754104
0.754261
0.754358
0.754437
0.754457
0.754536
1.08984
1.09194
1.09313
1.08773
1.07243
0.983495
0.967644
0.959144
0.94854
0.934627
0.919905
0.905368
0.891339
0.877963
0.865178
0.852885
0.841078
0.829748
0.818974
0.808839
0.799481
0.791059
0.783691
0.77746
0.772343
0.768228
0.764986
0.762504
0.760621
0.759219
0.75818
0.757421
0.75687
0.756472
0.756188
0.755993
0.755869
0.755788
0.755753
0.755734
0.75576
1.08303
1.07086
1.05443
1.03468
1.00992
0.978524
0.939836
0.893921
0.842521
0.789634
0.742397
0.707267
0.686654
0.679565
0.681938
0.689479
0.699009
0.708624
0.717398
0.724967
0.731272
0.736404
0.740512
0.743758
0.746301
0.74828
0.749814
0.751002
0.751919
0.752626
0.753168
0.753578
0.753885
0.754106
0.754264
0.754361
0.754439
0.754459
0.754538
1.08542
1.08984
1.09189
1.08838
1.08144
1.06614
0.985293
0.963819
0.953164
0.941033
0.927231
0.91278
0.898402
0.884416
0.870824
0.85761
0.844826
0.832524
0.820837
0.809904
0.799907
0.791019
0.783378
0.777026
0.771844
0.767729
0.76454
0.762116
0.760301
0.758951
0.757964
0.757249
0.756733
0.756363
0.756098
0.755912
0.755792
0.755714
0.755683
0.755664
0.755694
1.07658
1.06277
1.04485
1.02376
0.997014
0.96351
0.922485
0.874063
0.821027
0.767799
0.722972
0.691273
0.675165
0.672135
0.67747
0.686932
0.6976
0.707876
0.717022
0.724797
0.731211
0.736396
0.740521
0.74377
0.746307
0.74828
0.749811
0.750998
0.751918
0.752626
0.753169
0.75358
0.753887
0.754108
0.754266
0.754363
0.754442
0.754462
0.75454
1.07969
1.08542
1.08817
1.08695
1.08177
1.07436
1.05765
0.99147
0.962022
0.948226
0.934558
0.920218
0.905492
0.8908
0.876286
0.862055
0.848203
0.834877
0.82226
0.810551
0.799958
0.790696
0.782881
0.776416
0.771232
0.767164
0.764051
0.761704
0.759955
0.758673
0.757742
0.757073
0.756594
0.756252
0.75601
0.755839
0.755725
0.755648
0.755618
0.755599
0.755631
1.06872
1.05352
1.0343
1.0116
0.982825
0.947121
0.90351
0.852675
0.797979
0.745371
0.703058
0.67581
0.664511
0.665493
0.673592
0.684779
0.696452
0.707297
0.716758
0.724699
0.731195
0.736407
0.740537
0.743777
0.746307
0.748276
0.749807
0.750996
0.751917
0.752627
0.753172
0.753583
0.75389
0.754111
0.754269
0.754366
0.754445
0.754464
0.754542
1.07263
1.07969
1.08303
1.08303
1.08002
1.07427
1.06487
1.04628
0.994306
0.962555
0.944556
0.928671
0.912853
0.897205
0.881544
0.866127
0.851099
0.836709
0.823171
0.810714
0.799629
0.790121
0.782142
0.775664
0.770515
0.766532
0.763518
0.761259
0.759596
0.758385
0.757515
0.756894
0.756454
0.756142
0.755922
0.755767
0.755664
0.755591
0.75556
0.75554
0.755572
1.05973
1.04339
1.02267
0.998195
0.967411
0.929194
0.882969
0.829762
0.773683
0.722469
0.683367
0.661134
0.65485
0.659649
0.670303
0.683009
0.695555
0.706882
0.716597
0.724664
0.731204
0.736427
0.740547
0.743777
0.746301
0.748269
0.749803
0.750996
0.751919
0.752631
0.753175
0.753586
0.753894
0.754115
0.754273
0.754369
0.754448
0.754468
0.754544
1.0643
1.07263
1.07658
1.0775
1.07573
1.0721
1.06432
1.05216
1.03144
0.990106
0.960369
0.939595
0.921102
0.903744
0.88649
0.869677
0.85339
0.837909
0.823467
0.810384
0.798961
0.789227
0.781209
0.77475
0.769698
0.765847
0.762942
0.760791
0.75922
0.75809
0.757284
0.756713
0.756312
0.75603
0.755834
0.755696
0.755605
0.755539
0.75551
0.755487
0.755519
1.04989
1.03219
1.00981
0.983567
0.950544
0.909667
0.860479
0.805044
0.748169
0.698724
0.664027
0.647407
0.646176
0.654605
0.667571
0.68161
0.694898
0.706619
0.71653
0.724668
0.731229
0.73644
0.740547
0.74377
0.746292
0.748264
0.749803
0.750998
0.751924
0.752636
0.753181
0.753591
0.753898
0.754118
0.754277
0.754373
0.754451
0.754471
0.754547
1.05507
1.0643
1.06872
1.07086
1.06994
1.06737
1.06167
1.05114
1.03613
1.01359
0.980463
0.952837
0.930473
0.910145
0.890898
0.872496
0.854903
0.838354
0.823142
0.809595
0.797867
0.788059
0.780047
0.773705
0.768817
0.765099
0.762332
0.760301
0.758835
0.757789
0.75705
0.756532
0.756171
0.755919
0.755746
0.755625
0.755546
0.75549
0.755465
0.755441
0.755471
1.03896
1.0198
0.995785
0.967555
0.932211
0.888246
0.836013
0.778278
0.721549
0.674847
0.645464
0.634863
0.638576
0.650382
0.66538
0.680567
0.694466
0.706492
0.716521
0.724697
0.731245
0.73644
0.740537
0.743758
0.746286
0.748264
0.749807
0.751005
0.751931
0.752643
0.753187
0.753597
0.753903
0.754123
0.754281
0.754377
0.754455
0.754475
0.754549
1.04492
1.05507
1.05973
1.06277
1.0629
1.06114
1.05643
1.04789
1.03461
1.01696
0.993253
0.964861
0.938917
0.915737
0.894414
0.874374
0.855509
0.838019
0.822174
0.80824
0.796404
0.786588
0.778712
0.772557
0.767841
0.764304
0.761691
0.759796
0.758442
0.757484
0.756815
0.75635
0.75603
0.755809
0.755659
0.755555
0.755488
0.755441
0.755422
0.7554
0.75543
1.02695
1.00632
0.980434
0.949968
0.911991
0.864831
0.809513
0.749853
0.693693
0.650976
0.627896
0.623595
0.63208
0.646959
0.663716
0.679855
0.694235
0.706454
0.71655
0.724716
0.731245
0.736427
0.740521
0.74375
0.746285
0.74827
0.749817
0.751016
0.751942
0.752652
0.753195
0.753604
0.753909
0.754128
0.754286
0.754381
0.75446
0.75448
0.754553
1.03363
1.04492
1.04989
1.05352
1.05443
1.05364
1.0497
1.04205
1.03063
1.01483
0.994747
0.970515
0.94446
0.919563
0.896515
0.875007
0.855044
0.836774
0.820471
0.806387
0.794525
0.784871
0.7772
0.771289
0.766802
0.763462
0.761027
0.75928
0.758043
0.757178
0.756579
0.756169
0.75589
0.7557
0.755573
0.755486
0.755431
0.755393
0.75538
0.75536
0.755392
1.01386
0.991571
0.963599
0.930729
0.889745
0.838998
0.780681
0.719302
0.665107
0.627649
0.611687
0.613767
0.626711
0.644301
0.662545
0.679443
0.694141
0.706476
0.716571
0.724716
0.731229
0.736407
0.740512
0.74375
0.746295
0.748284
0.749832
0.75103
0.751955
0.752663
0.753204
0.753611
0.753915
0.754134
0.754291
0.754386
0.754465
0.754485
0.754557
1.02133
1.03363
1.03896
1.04339
1.04485
1.0447
1.04166
1.03475
1.02409
1.00992
0.991778
0.969828
0.945377
0.920478
0.896523
0.874067
0.853325
0.83457
0.818079
0.803974
0.792312
0.782892
0.775563
0.769925
0.765696
0.762589
0.760346
0.758755
0.757641
0.756871
0.756345
0.755989
0.755751
0.755592
0.755488
0.755417
0.755374
0.755346
0.755338
0.755322
0.755357
0.999573
0.975421
0.945229
0.909652
0.865179
0.810752
0.749038
0.687179
0.636055
0.605399
0.597177
0.605483
0.622487
0.642377
0.661823
0.679243
0.69414
0.706497
0.716571
0.724697
0.731204
0.736396
0.740514
0.743765
0.746316
0.748307
0.749853
0.751049
0.751971
0.752676
0.753215
0.75362
0.753923
0.75414
0.754297
0.754392
0.75447
0.75449
0.754561
1.00794
1.02133
1.02695
1.03219
1.0343
1.03468
1.03219
1.02606
1.0161
1.00261
0.985805
0.965595
0.942507
0.918206
0.894214
0.871387
0.850314
0.831412
0.81496
0.801108
0.789733
0.78077
0.773769
0.768473
0.764544
0.761689
0.759654
0.758227
0.75724
0.756566
0.756113
0.755812
0.755615
0.755486
0.755404
0.75535
0.755319
0.755299
0.755297
0.755283
0.755322
0.983927
0.957802
0.925124
0.886253
0.837865
0.77952
0.714949
0.653382
0.60717
0.584729
0.584615
0.598769
0.619341
0.64113
0.66143
0.679191
0.694154
0.706497
0.71655
0.724668
0.731195
0.736404
0.740538
0.743797
0.746349
0.748338
0.74988
0.751072
0.751989
0.752692
0.753227
0.75363
0.753931
0.754147
0.754304
0.754398
0.754476
0.754496
0.754566
0.993315
1.00794
1.01386
1.0198
1.02267
1.02376
1.02157
1.01593
1.00662
0.993801
0.977698
0.958528
0.936734
0.913336
0.889713
0.86702
0.846031
0.827324
0.811221
0.797751
0.786974
0.778416
0.771867
0.766955
0.763355
0.760774
0.758957
0.757698
0.756839
0.756264
0.755884
0.755637
0.755481
0.755383
0.755322
0.755285
0.755265
0.755253
0.755257
0.755245
0.755288
0.966862
0.938562
0.902789
0.860212
0.807489
0.744908
0.677955
0.618444
0.579245
0.566197
0.574166
0.59365
0.617212
0.640397
0.661278
0.679187
0.694154
0.706476
0.716521
0.724664
0.731211
0.736441
0.740585
0.743845
0.746394
0.748377
0.749913
0.751099
0.752011
0.752709
0.753241
0.753641
0.75394
0.754155
0.754311
0.754404
0.754482
0.754503
0.754572
0.977409
0.993315
0.999573
1.00632
1.00981
1.0116
1.00992
1.00465
0.995742
0.98345
0.967988
0.949569
0.928676
0.906219
0.883332
0.861111
0.840607
0.822423
0.806862
0.794161
0.783892
0.775922
0.769866
0.765384
0.762144
0.759851
0.758258
0.757171
0.756443
0.755965
0.755659
0.755466
0.75535
0.755281
0.755243
0.755221
0.755212
0.755207
0.755217
0.755207
0.755253
0.94827
0.917211
0.877912
0.831094
0.773573
0.706621
0.638467
0.582986
0.553077
0.550285
0.565916
0.590066
0.615889
0.640056
0.661232
0.679187
0.69414
0.706454
0.71653
0.724699
0.731272
0.736513
0.740658
0.743912
0.746452
0.748425
0.749952
0.75113
0.752035
0.752728
0.753256
0.753653
0.75395
0.754163
0.754319
0.754411
0.754489
0.75451
0.754579
0.960216
0.977409
0.983927
0.991571
0.995786
0.998195
0.997014
0.992233
0.983671
0.971748
0.956782
0.938996
0.918919
0.897366
0.875284
0.85391
0.834176
0.816767
0.802184
0.790145
0.78063
0.773293
0.767796
0.763782
0.760922
0.758926
0.757562
0.75665
0.756053
0.755672
0.755438
0.755299
0.755223
0.755183
0.755166
0.755159
0.755161
0.755163
0.755177
0.75517
0.755219
0.927668
0.893435
0.850024
0.798205
0.735557
0.664509
0.596676
0.548101
0.529583
0.537303
0.559921
0.587738
0.615209
0.639927
0.661232
0.679191
0.694141
0.706492
0.716597
0.724797
0.731382
0.736621
0.740755
0.743996
0.746521
0.748481
0.749997
0.751165
0.752063
0.75275
0.753273
0.753667
0.753961
0.754173
0.754327
0.754419
0.754496
0.754518
0.754586
0.941308
0.960216
0.966862
0.975421
0.980434
0.983567
0.982825
0.978524
0.970384
0.958805
0.944238
0.927035
0.907732
0.887029
0.865975
0.845586
0.826895
0.810713
0.796983
0.785898
0.777192
0.770572
0.765682
0.762165
0.759698
0.758006
0.756873
0.756136
0.755669
0.755386
0.755224
0.755138
0.7551
0.755089
0.755092
0.755099
0.755111
0.755119
0.755138
0.755134
0.755186
0.904751
0.866758
0.818489
0.761141
0.692671
0.618379
0.553382
0.515276
0.509681
0.527482
0.55593
0.586465
0.614927
0.639927
0.661278
0.679243
0.694235
0.706619
0.716758
0.724967
0.731544
0.736766
0.740879
0.744098
0.746604
0.748547
0.750048
0.751205
0.752094
0.752774
0.753292
0.753682
0.753973
0.754183
0.754336
0.754428
0.754505
0.754527
0.754594
0.920343
0.941308
0.94827
0.957802
0.963599
0.967555
0.967411
0.96351
0.955778
0.944592
0.930449
0.913828
0.895242
0.875534
0.855525
0.83638
0.819145
0.804034
0.791495
0.781427
0.773635
0.767792
0.763548
0.760546
0.75848
0.757095
0.756195
0.755632
0.755297
0.75511
0.755018
0.754984
0.754983
0.754997
0.755019
0.75504
0.755062
0.755076
0.7551
0.755099
0.755153
0.879072
0.836549
0.782595
0.718877
0.644521
0.568634
0.510201
0.485819
0.494001
0.520687
0.553635
0.585908
0.614927
0.640056
0.66143
0.679443
0.694466
0.706882
0.717022
0.725213
0.73176
0.736949
0.741029
0.744218
0.746699
0.748621
0.750106
0.75125
0.752129
0.752801
0.753313
0.753698
0.753987
0.754194
0.754347
0.754437
0.754513
0.754536
0.754603
0.896994
0.920343
0.927668
0.938562
0.94523
0.949968
0.950544
0.947121
0.939836
0.929055
0.915424
0.899393
0.881704
0.86293
0.844217
0.82667
0.8107
0.797022
0.785736
0.776811
0.770003
0.764988
0.761413
0.758936
0.757276
0.756199
0.755534
0.755145
0.754937
0.754844
0.75482
0.754834
0.754867
0.754907
0.754948
0.754983
0.755014
0.755035
0.755063
0.755065
0.755121
0.849997
0.802012
0.741376
0.670546
0.590843
0.516066
0.469311
0.461555
0.482707
0.516653
0.552593
0.585908
0.615209
0.640397
0.661823
0.679855
0.694898
0.707297
0.717398
0.725538
0.732032
0.73717
0.741206
0.744358
0.746808
0.748706
0.750171
0.7513
0.752167
0.75283
0.753336
0.753716
0.754001
0.754207
0.754358
0.754448
0.754523
0.754546
0.754613
0.870692
0.896994
0.904751
0.917211
0.925124
0.930729
0.932211
0.929194
0.922485
0.912187
0.899089
0.883878
0.867043
0.849484
0.832395
0.816235
0.801888
0.789698
0.779808
0.772105
0.766342
0.762185
0.759294
0.757347
0.756095
0.755331
0.754896
0.754676
0.754593
0.75459
0.754628
0.754687
0.754755
0.75482
0.75488
0.754927
0.754968
0.754995
0.755027
0.755032
0.755089
0.816803
0.76217
0.693717
0.615249
0.531577
0.462833
0.433212
0.443265
0.475708
0.514781
0.552593
0.586465
0.615889
0.64113
0.662545
0.680567
0.695555
0.707876
0.71789
0.725943
0.73236
0.737431
0.741411
0.744517
0.746931
0.7488
0.750243
0.751355
0.752209
0.752863
0.753361
0.753736
0.754017
0.75422
0.75437
0.754459
0.754533
0.754556
0.754623
0.840723
0.870692
0.879072
0.893435
0.902789
0.909652
0.911991
0.909667
0.90351
0.893921
0.881531
0.867145
0.851445
0.835482
0.81981
0.805395
0.792731
0.782185
0.773776
0.767363
0.762689
0.759406
0.757205
0.755799
0.754955
0.754493
0.754284
0.754227
0.754262
0.754339
0.75444
0.754546
0.754647
0.754737
0.754814
0.754874
0.754924
0.754957
0.754992
0.754999
0.755059
0.778497
0.715979
0.638438
0.552219
0.468132
0.412803
0.404489
0.431427
0.472399
0.514781
0.553635
0.587738
0.617212
0.642377
0.663716
0.68161
0.696452
0.708624
0.718501
0.726433
0.732747
0.737733
0.741645
0.744697
0.747068
0.748905
0.750323
0.751416
0.752255
0.752898
0.753388
0.753758
0.754035
0.754234
0.754383
0.754471
0.754544
0.754567
0.754635
0.806185
0.840723
0.849997
0.866758
0.877912
0.886253
0.889745
0.888246
0.882969
0.874063
0.862592
0.849398
0.835173
0.820634
0.806754
0.794161
0.783361
0.774555
0.767711
0.762642
0.759075
0.756687
0.755182
0.754309
0.75386
0.753695
0.753699
0.753792
0.753935
0.754098
0.75426
0.75441
0.754543
0.754657
0.754751
0.754823
0.754881
0.754919
0.754959
0.754968
0.755029
0.733411
0.661686
0.574071
0.482057
0.403378
0.370106
0.38496
0.425665
0.472399
0.516653
0.55593
0.590066
0.619341
0.644301
0.66538
0.683009
0.6976
0.70955
0.719235
0.727009
0.733195
0.738078
0.741909
0.744899
0.747222
0.749021
0.750411
0.751482
0.752306
0.752937
0.753418
0.753781
0.754054
0.75425
0.754397
0.754485
0.754556
0.75458
0.754647
0.765702
0.806185
0.816803
0.836549
0.850024
0.860212
0.865179
0.864831
0.860479
0.852675
0.842521
0.830614
0.817903
0.805181
0.793204
0.782685
0.773868
0.766897
0.761687
0.75801
0.755568
0.754069
0.753238
0.752883
0.752817
0.752924
0.753123
0.753367
0.753623
0.753866
0.754087
0.75428
0.754445
0.75458
0.754691
0.754775
0.75484
0.754884
0.754926
0.754937
0.755
0.681123
0.597077
0.499938
0.404609
0.343462
0.338611
0.375108
0.425665
0.475708
0.520687
0.559921
0.59365
0.622487
0.646959
0.667571
0.684779
0.699009
0.710658
0.720098
0.727677
0.733707
0.738469
0.742206
0.745123
0.747391
0.749149
0.750507
0.751555
0.752361
0.752979
0.75345
0.753806
0.754074
0.754267
0.754412
0.754499
0.754569
0.754593
0.75466
0.717089
0.765702
0.778497
0.802012
0.818489
0.831094
0.837865
0.838998
0.836013
0.829762
0.821027
0.810679
0.799796
0.78909
0.779384
0.771069
0.764384
0.759359
0.755836
0.753538
0.752194
0.751563
0.75139
0.751516
0.751797
0.752168
0.752571
0.752962
0.753325
0.753646
0.753923
0.754157
0.754351
0.754507
0.754634
0.754728
0.754801
0.754849
0.754895
0.754907
0.754971
0.618682
0.520464
0.414071
0.328403
0.295997
0.321961
0.375108
0.431427
0.482707
0.527482
0.565916
0.598769
0.626711
0.650382
0.670303
0.686932
0.700687
0.711956
0.721097
0.728439
0.734287
0.738908
0.742537
0.745372
0.747578
0.749289
0.750613
0.751634
0.752421
0.753024
0.753485
0.753834
0.754096
0.754286
0.754428
0.754514
0.754583
0.754606
0.754675
0.65865
0.717089
0.733411
0.76217
0.782595
0.798205
0.807489
0.810752
0.809513
0.805044
0.797979
0.789634
0.780928
0.772707
0.765456
0.759556
0.755131
0.752046
0.750198
0.749262
0.748996
0.749166
0.749591
0.750173
0.750814
0.751448
0.752044
0.752576
0.75304
0.753436
0.753767
0.75404
0.754261
0.754438
0.754579
0.754684
0.754764
0.754817
0.754864
0.754879
0.754944
0.542411
0.43164
0.323536
0.26204
0.267804
0.321961
0.38496
0.443265
0.494001
0.537303
0.574166
0.605483
0.63208
0.654605
0.673592
0.689479
0.702649
0.713456
0.722237
0.729303
0.734938
0.739398
0.742904
0.745647
0.747784
0.749443
0.750728
0.751721
0.752486
0.753074
0.753523
0.753864
0.75412
0.754306
0.754446
0.75453
0.754597
0.754621
0.75469
0.587792
0.65865
0.681123
0.71598
0.741376
0.761141
0.773573
0.77952
0.780681
0.778278
0.773683
0.767799
0.761724
0.756231
0.75166
0.748276
0.746165
0.745064
0.744843
0.74516
0.74586
0.746807
0.747851
0.748894
0.749879
0.750764
0.751543
0.75221
0.752771
0.753237
0.753619
0.753928
0.754177
0.754372
0.754527
0.754641
0.754729
0.754785
0.754835
0.754851
0.754917
0.450635
0.327353
0.238254
0.217408
0.267804
0.338611
0.404489
0.461555
0.509681
0.550285
0.584615
0.613767
0.638576
0.659649
0.67747
0.692439
0.704901
0.715164
0.723527
0.730272
0.735665
0.739941
0.743309
0.745949
0.748008
0.74961
0.750853
0.751814
0.752556
0.753127
0.753564
0.753896
0.754146
0.754327
0.754465
0.754547
0.754613
0.754637
0.754706
0.499725
0.587792
0.618682
0.661686
0.693717
0.718877
0.735557
0.744908
0.749038
0.749853
0.748169
0.745371
0.742397
0.739921
0.738231
0.737473
0.73757
0.738293
0.739533
0.741119
0.742841
0.744567
0.746201
0.747683
0.748993
0.750118
0.751071
0.751865
0.752517
0.75305
0.753479
0.753823
0.754097
0.75431
0.754478
0.754601
0.754695
0.754755
0.754807
0.754825
0.754892
0.338009
0.225555
0.172866
0.217408
0.295997
0.370106
0.433212
0.485819
0.529583
0.566197
0.597177
0.623595
0.646176
0.665493
0.681938
0.695831
0.707462
0.717089
0.724972
0.731354
0.73647
0.74054
0.743754
0.746279
0.748254
0.749792
0.750988
0.751915
0.752633
0.753185
0.753609
0.75393
0.754174
0.75435
0.754485
0.754566
0.75463
0.754653
0.754723
0.378664
0.499725
0.542411
0.597077
0.638438
0.670546
0.692671
0.706621
0.714949
0.719302
0.721549
0.722469
0.722972
0.723693
0.724898
0.72664
0.728958
0.731624
0.734454
0.737289
0.739982
0.742449
0.744643
0.746543
0.74816
0.749512
0.750627
0.751539
0.752278
0.752873
0.753348
0.753725
0.754021
0.754252
0.754431
0.754563
0.754663
0.754726
0.754781
0.754799
0.754867
0.224702
0.133827
0.172866
0.26204
0.343462
0.412803
0.469311
0.515276
0.553077
0.584729
0.611687
0.634863
0.65485
0.672135
0.686995
0.699657
0.710342
0.719245
0.72658
0.73255
0.73736
0.741199
0.744242
0.74664
0.74852
0.74999
0.751135
0.752025
0.752715
0.753247
0.753656
0.753967
0.754204
0.754375
0.754506
0.754585
0.754648
0.754671
0.754741
0.232084
0.378664
0.450636
0.520464
0.574071
0.615249
0.644521
0.664509
0.677955
0.687179
0.693693
0.698724
0.703058
0.707267
0.711625
0.716134
0.720749
0.725304
0.729645
0.733675
0.737292
0.740463
0.743186
0.745477
0.74738
0.748941
0.75021
0.751234
0.752054
0.752707
0.753224
0.753631
0.75395
0.754196
0.754387
0.754526
0.754633
0.7547
0.754756
0.754775
0.754844
0.0938194
0.133828
0.238254
0.328403
0.403378
0.462833
0.510201
0.548101
0.579245
0.605399
0.627896
0.647407
0.664511
0.679565
0.692642
0.703924
0.713549
0.72164
0.72836
0.733869
0.738335
0.741919
0.744773
0.747031
0.748809
0.750203
0.751293
0.752143
0.752803
0.753314
0.753707
0.754007
0.754236
0.754402
0.754528
0.754605
0.754667
0.75469
0.754759
0.0617686
0.232084
0.33801
0.43164
0.499938
0.552219
0.590843
0.618379
0.638467
0.653382
0.665107
0.674847
0.683367
0.691273
0.698862
0.70609
0.712943
0.719343
0.725131
0.730296
0.734789
0.738614
0.741826
0.74448
0.746651
0.748409
0.749821
0.750949
0.751844
0.752551
0.753108
0.753544
0.753883
0.754144
0.754346
0.754492
0.754605
0.754674
0.754732
0.754752
0.754821
0.0938194
0.225555
0.323536
0.404609
0.468132
0.516066
0.553382
0.582986
0.60717
0.627649
0.645464
0.661134
0.675165
0.687733
0.698837
0.708632
0.717086
0.724281
0.730321
0.735315
0.739401
0.742704
0.745351
0.747456
0.749122
0.750434
0.751464
0.75227
0.752898
0.753385
0.753762
0.75405
0.75427
0.75443
0.754552
0.754627
0.754687
0.754709
0.754779
0.0617688
0.224703
0.327353
0.414071
0.482057
0.531577
0.568634
0.596676
0.618444
0.636055
0.650976
0.664027
0.67581
0.686654
0.6966
0.705623
0.713776
0.720943
0.727166
0.732462
0.736898
0.740565
0.743555
0.745975
0.747915
0.749459
0.750682
0.751647
0.752406
0.752999
0.753462
0.753821
0.754095
0.754307
0.75446
0.754578
0.75465
0.754709
0.75473
0.7548
)
;

boundaryField
{
    front
    {
        type            empty;
    }
    back
    {
        type            empty;
    }
    airfoil
    {
        type            calculated;
        value           uniform 0;
    }
    freestream
    {
        type            calculated;
        value           nonuniform List<scalar> 
168
(
0.755125
0.755344
0.755496
0.755645
0.755789
0.755912
0.75601
0.756083
0.756122
0.756139
0.756139
0.756115
0.756075
0.75602
0.755956
0.755885
0.755812
0.755738
0.755667
0.755599
0.755537
0.75548
0.75543
0.755385
0.755347
0.75531
0.755274
0.755239
0.755204
0.75517
0.755137
0.755104
0.755072
0.755041
0.75501
0.754981
0.754952
0.754924
0.754898
0.754872
0.754847
0.754823
0.7548
0.754778
0.754757
0.754737
0.754718
0.7547
0.754683
0.754666
0.754651
0.754636
0.754622
0.754609
0.754597
0.754585
0.754575
0.754565
0.754556
0.754548
0.75454
0.754533
0.754526
0.75452
0.754514
0.754509
0.754505
0.754501
0.754497
0.754493
0.754489
0.754486
0.754482
0.754479
0.754475
0.754472
0.754469
0.754466
0.754463
0.75446
0.754458
0.754456
0.754455
0.754454
0.754454
0.754455
0.754456
0.754458
0.75446
0.754463
0.754466
0.754469
0.754472
0.754475
0.754479
0.754482
0.754486
0.754489
0.754493
0.754497
0.754501
0.754505
0.754509
0.754514
0.75452
0.754526
0.754533
0.75454
0.754548
0.754556
0.754565
0.754575
0.754585
0.754597
0.754609
0.754622
0.754636
0.754651
0.754666
0.754683
0.7547
0.754718
0.754737
0.754757
0.754778
0.7548
0.754823
0.754847
0.754872
0.754898
0.754924
0.754952
0.754981
0.75501
0.755041
0.755072
0.755104
0.755137
0.75517
0.755204
0.755239
0.755274
0.75531
0.755347
0.755385
0.75543
0.75548
0.755537
0.755599
0.755667
0.755738
0.755812
0.755885
0.755955
0.75602
0.756075
0.756115
0.756139
0.756139
0.756122
0.756083
0.75601
0.755912
0.755789
0.755645
0.755496
0.755344
0.755125
)
;
    }
    outlet
    {
        type            calculated;
        value           nonuniform List<scalar> 
80
(
0.754878
0.754923
0.754938
0.754955
0.754958
0.754959
0.754958
0.754958
0.754957
0.754957
0.754958
0.754959
0.75496
0.754962
0.754964
0.754964
0.754964
0.754966
0.754967
0.754967
0.754966
0.754961
0.754952
0.754935
0.754915
0.754896
0.754877
0.754853
0.754821
0.754781
0.754734
0.754684
0.754623
0.754509
0.754342
0.754176
0.753834
0.752649
0.751208
0.740332
0.740332
0.751208
0.752649
0.753834
0.754176
0.754342
0.754509
0.754623
0.754684
0.754734
0.754781
0.754821
0.754853
0.754877
0.754896
0.754915
0.754936
0.754952
0.754961
0.754966
0.754967
0.754967
0.754966
0.754964
0.754964
0.754964
0.754962
0.75496
0.754959
0.754958
0.754958
0.754957
0.754958
0.754958
0.754959
0.754958
0.754955
0.754938
0.754923
0.754878
)
;
    }
}


// ************************************************************************* //
