/*--------------------------------*- C++ -*----------------------------------*\
| =========                 |                                                 |
| \\      /  F ield         | OpenFOAM: The Open Source CFD Toolbox           |
|  \\    /   O peration     | Version:  v2012                                 |
|   \\  /    A nd           | Website:  www.openfoam.com                      |
|    \\/     M anipulation  |                                                 |
\*---------------------------------------------------------------------------*/
FoamFile
{
    version     2.0;
    format      ascii;
    class       volScalarField;
    location    "1.571934130073674";
    object      p;
}
// * * * * * * * * * * * * * * * * * * * * * * * * * * * * * * * * * * * * * //

dimensions      [1 -1 -2 0 0 0 0];


internalField   nonuniform List<scalar> 
6720
(
68501.4
68513.7
68508.6
68506.6
68509.4
68496.3
68506.3
68509
68497.4
68487.1
68505.4
68508.7
68495.5
68487.9
68477.3
68505.6
68508.5
68495.1
68485.8
68478.3
68468.8
68506.7
68508.6
68494.2
68485
68475.1
68469.8
68461.9
68508.5
68509.2
68494
68483.5
68473.5
68465.7
68462.9
68456.5
68511.1
68510.3
68494.3
68482.7
68470.8
68463.2
68457.8
68457.5
68453.2
68514.2
68512.1
68495.6
68482.5
68468.9
68459.2
68454.1
68451.7
68453.9
68451.1
68517.9
68514.5
68497.9
68483.5
68467.5
68455.9
68448.6
68446.8
68447.4
68452.1
68450.3
68522
68517.5
68501.4
68485.8
68467.6
68453.2
68443.5
68439.5
68441.2
68444.9
68452.2
68451.4
68526.3
68521.1
68506
68489.7
68469.3
68451.9
68438.6
68432.2
68432.2
68437.6
68444.3
68453.6
68453.5
68530.6
68525
68511.7
68495.2
68473.2
68452.7
68435.2
68424.9
68422.7
68427
68435.9
68445.1
68455.8
68456.6
68534.8
68529.3
68518.6
68502.2
68479.4
68456
68434
68418.8
68412.4
68415
68423.9
68436.1
68447.4
68458.9
68460.3
68539.3
68533.8
68525.7
68510.5
68487.8
68462.1
68435.7
68414.9
68403
68401.9
68409.8
68423
68437.9
68450.8
68462.9
68464.5
68543.8
68538.4
68533.2
68519.8
68498.4
68471.2
68441
68414.2
68395.5
68388.7
68393.6
68407
68424
68441.1
68454.9
68467.5
68468.8
68548.2
68542.9
68540.8
68529.9
68510.7
68483.2
68450
68417.6
68391.2
68376.8
68376.6
68388.1
68406.7
68426.7
68445.4
68459.5
68472.4
68473.3
68552.5
68547.1
68548.3
68540.4
68523.9
68497.6
68463
68425.6
68391.4
68368
68359.8
68367.1
68385.4
68408.5
68430.8
68450.4
68464.5
68477.3
68477.7
68556.5
68550.9
68555.4
68550.9
68537.9
68513.8
68479.7
68438.6
68397
68363.7
68345.4
68345.4
68361
68385.5
68412.2
68436.1
68456
68469.6
68482.1
68481.8
68560
68554.4
68562.1
68561.1
68552.1
68531.6
68499.3
68456.5
68408.8
68365.5
68335.3
68324.7
68334.2
68358.1
68388.1
68417.3
68442
68461.7
68474.7
68486.6
68485.7
68563.1
68557.7
68568.5
68570.6
68566.1
68550
68520.8
68478.6
68426.9
68374.6
68331.6
68307.6
68307.2
68326.8
68358.5
68392.7
68423.6
68448.4
68467.5
68479.6
68490.9
68489.3
68565.8
68560.6
68574.3
68579.5
68579.6
68568.4
68543.8
68504.1
68451.1
68391.5
68336
68296.7
68282.1
68293.4
68323.5
68361.7
68398.9
68430.6
68454.8
68473
68484.2
68494.8
68492.5
68568
68563.3
68579.6
68587.5
68592.2
68586.3
68567.3
68532.1
68480.5
68416.4
68349.8
68294.5
68262.4
68260.2
68284.1
68323.8
68367.2
68406.3
68437.9
68461.1
68478.3
68488.4
68498.2
68495.3
68569.8
68565.5
68584.2
68594.6
68603.7
68603.2
68590.5
68561.4
68513.6
68448.6
68373.5
68303.1
68251.5
68230.6
68242.8
68279.5
68327.4
68374.5
68414.3
68445.2
68467.1
68483
68492.1
68501.2
68497.8
68571.4
68567.4
68588.2
68600.9
68614
68618.7
68612.7
68590.9
68549.2
68486.4
68407.3
68323.6
68252.2
68208.9
68202.8
68230.7
68279.3
68333.6
68382.9
68422.6
68452.2
68472.7
68487.3
68495.4
68503.9
68500.2
68572.5
68569
68591.5
68606.3
68623.2
68632.6
68633.5
68619.5
68585.8
68528.6
68449.3
68356.5
68266.6
68199.2
68168.9
68180.3
68223.8
68282.8
68341.8
68392
68430.8
68458.8
68477.7
68491.1
68498.3
68506.4
68502.5
68573.4
68570.3
68594.3
68610.9
68631.1
68645
68652.3
68646.5
68622.1
68573.4
68498.1
68401.3
68296.2
68204.7
68146.2
68133.3
68164
68222.2
68289.5
68351.3
68401.3
68438.5
68464.7
68482.1
68494.4
68501.1
68508.9
68504.8
68574
68571.4
68596.6
68614.7
68637.8
68655.7
68669.1
68671.4
68657
68618.7
68551.4
68455.4
68341.1
68227.9
68139.7
68096
68104
68153.9
68225.1
68298.3
68361.3
68410.4
68445.7
68470
68486.1
68497.6
68503.8
68511.4
68507.1
68574.3
68572.2
68598.4
68617.8
68643.4
68664.9
68683.7
68693.7
68689.4
68663.1
68606.9
68517.3
68399.5
68269.5
68152.9
68074.3
68050.2
68081.6
68149.5
68231.4
68308.5
68371.5
68418.9
68452
68474.8
68489.9
68500.8
68506.5
68513.8
68509.4
68574.5
68572.9
68599.9
68620.3
68648
68672.6
68696.3
68713.2
68718.9
68705
68662.4
68583.9
68469
68329.6
68188
68074
68011.3
68012
68066.5
68150.5
68240.4
68319.2
68381.4
68426.5
68457.9
68479.4
68493.7
68504
68509.2
68516.3
68511.6
68574.6
68573.4
68601.1
68622.2
68651.8
68678.9
68706.9
68730.1
68745.1
68743.7
68716
68652.3
68546.8
68404.9
68245.6
68098.3
67993.9
67953.7
67981.4
68058.2
68155.6
68250.9
68330.2
68390.4
68433.7
68463.6
68484
68497.5
68507.1
68511.9
68518.6
68513.8
68574.6
68573.8
68601.9
68623.7
68654.7
68683.9
68715.6
68744.4
68767.7
68778.2
68766.1
68719.9
68629.3
68492.8
68324.2
68149.2
68003.4
67916.1
67903.2
67959
68055.7
68163.7
68262.1
68340.4
68399.1
68440.7
68469.3
68488.7
68501.2
68510.1
68514.5
68521
68516
68574.5
68574
68602.5
68624.8
68656.9
68687.9
68722.6
68756.1
68786.9
68808.3
68811.7
68784.3
68712.7
68589.7
68419.8
68227
68043.4
67906.8
67844
67861.9
67944.4
68057.8
68173.7
68272.8
68350.7
68407.8
68447.9
68475.1
68493.2
68504.9
68513.1
68517.1
68523.3
68518.1
68574.5
68574.3
68602.9
68625.5
68658.5
68691
68728.1
68765.6
68802.9
68834.1
68851.9
68843.7
68794.4
68690.9
68530.3
68328
68114.8
67931.1
67812.2
67778.7
67829.7
67936.6
68063.6
68184.2
68284.3
68361.1
68416.7
68455.1
68480.8
68497.7
68508.5
68516
68519.7
68525.5
68520.2
68574.4
68574.4
68603.4
68626
68659.6
68693.2
68732.3
68773.1
68815.8
68855.7
68886.5
68897.1
68871.3
68792.3
68649.7
68448.3
68216.7
67991.6
67816.6
67723
67724.4
67806.2
67934.5
68071.3
68196.3
68296.4
68372
68425.7
68462.3
68486.4
68502.2
68511.9
68518.9
68522.1
68527.6
68522.2
68574.3
68574.3
68603.6
68626.5
68660.2
68694.7
68735.5
68778.8
68826
68873.3
68915.7
68943.6
68941.7
68890.5
68772.9
68585
68344.1
68088.7
67861.3
67703.8
67642.9
67679.9
67790.9
67936
68082.1
68209
68309.2
68383.2
68434.8
68469.5
68492.1
68506.6
68515.4
68521.7
68524.5
68529.7
68524.1
68574.3
68574.4
68603.6
68626.8
68660.9
68695.7
68737.7
68783.2
68833.9
68887.3
68939.7
68983
69003.8
68982
68895.6
68731
68494.4
68218.5
67947.5
67728.2
67597
67571.8
67645.4
67781.3
67942.5
68095.1
68223.3
68322.6
68394.6
68444
68476.7
68497.6
68510.8
68518.6
68524.5
68526.9
68531.8
68526
68574.4
68574.6
68603.7
68626.7
68661.2
68696.6
68739
68786.2
68839.8
68898
68958.9
69015.8
69057.2
69064.9
69013.3
68880.6
68661.8
68377.4
68074.6
67799.2
67597.4
67499.3
67513.8
67619.1
67779.6
67952
68109.9
68238.8
68336.6
68406.2
68453.2
68483.8
68503
68515
68521.9
68527.2
68529.2
68533.7
68527.9
68574
68574.6
68603.7
68627
68661.2
68697.1
68740.2
68788.1
68844.1
68906.1
68973.7
69042.1
69102
69137.2
69122.1
69028.4
68838.8
68562.4
68237.2
67916.7
67648.5
67473.2
67414.2
67466
67602.9
67782.3
67964.7
68126.5
68255.2
68351.1
68417.9
68462.4
68490.8
68508.3
68518.9
68525.1
68529.8
68531.4
68535.7
68529.7
68574.2
68574
68603.7
68627
68661.4
68697.1
68740.8
68789.8
68846.8
68912
68984.9
69062.6
69138.4
69198.4
69219.6
69169.4
69019.2
68764.9
68432.7
68076.5
67751.4
67501
67359.9
67339.5
67429.8
67593
67789.5
67980.1
68144.2
68272.5
68365.8
68429.7
68471.4
68497.7
68513.5
68522.8
68528.2
68532.3
68533.5
68537.5
68531.4
68603.3
68574.2
68574.4
68627.2
68661.5
68697.5
68740.9
68790.6
68848.9
68915.8
68992.9
69078.1
69167
69248.9
69303.6
69299.2
69197.3
68978.2
68656.1
68277.1
67903.4
67585.5
67361.9
67259.3
67279.3
67400.8
67588.2
67799.8
67998.5
68163.9
68290.6
68380.8
68441.5
68480.4
68504.5
68518.5
68526.7
68531.2
68534.7
68535.6
68539.3
68533
68626.7
68603.3
68574.6
68574.3
68661.5
68697.6
68741.3
68790.7
68850
68918.7
68998.5
69089.4
69188.8
69289
69373.6
69413.6
69366.3
69195.9
68898.6
68513.6
68101.3
67724.1
67424.4
67235.7
67172.4
67226.4
67377.3
67588.7
67814.2
68019.1
68184.9
68309.3
68396
68453.3
68489.3
68511
68523.2
68530.4
68534.1
68537
68537.5
68540.9
68534.6
68661
68626.7
68603.7
68574.6
68574.3
68697.7
68741.4
68791.4
68850.2
68920.2
69002.4
69097.3
69204.7
69319.7
69430.2
69511
69521.5
69410.7
69155
68779.2
68343.3
67913.7
67545.8
67275.5
67120.9
67089.5
67178
67359.8
67594.6
67832.5
68041.9
68207.2
68328.5
68411.3
68464.9
68498
68517.4
68527.9
68534
68536.9
68539.2
68539.4
68542.6
68536.2
68697.1
68661
68627.2
68603.7
68574.4
68574.4
68741.5
68791.4
68851.1
68920.6
69004.5
69102.6
69215.8
69342.4
69474
69591.2
69656.7
69614.4
69417.3
69068
68622.1
68153.1
67722.3
67377.8
67135.6
67010.8
67011.9
67135.3
67349
67605.7
67854.8
68066.7
68230.7
68348
68426.5
68476.4
68506.5
68523.4
68532.5
68537.5
68539.5
68541.4
68541.2
68544.1
68537.7
68740.9
68697.1
68661.5
68627
68603.7
68574.3
68574.5
68791.7
68851.1
68921.7
69005
69105.6
69223.3
69358.2
69506.6
69654.3
69770.2
69800.8
69677.3
69374.6
68934.3
68437.2
67952.7
67539.3
67215.9
66997.3
66900.9
66939.3
67099.3
67345
67621.7
67880.5
68093.8
68255.1
68367.8
68441.8
68487.8
68514.7
68529.3
68537
68540.8
68542.1
68543.4
68543
68545.6
68539.1
68790.9
68740.9
68697.7
68661.5
68627
68603.6
68574.4
68574.5
68851.4
68921.7
69006.6
69106.5
69227.7
69369
69529.6
69701.8
69861.8
69961.8
69924.9
69690.9
69275.2
68761.2
68233.2
67756.5
67358.7
67051.7
66856.1
66794.2
66871.6
67071
67348.5
67643.2
67909.7
68122.6
68280.1
68387.7
68456.8
68498.9
68522.6
68535.1
68541.2
68544
68544.5
68545.3
68544.6
68547
68540.4
68850.6
68790.9
68741.5
68697.6
68661.4
68626.7
68603.6
68574.3
68574.6
68922
69006.5
69108.7
69229.2
69375.5
69545.2
69735.8
69932.1
70094.9
70151.6
70007.6
69640.1
69123.7
68558.9
68027.6
67556.7
67171.8
66881.5
66714.3
66687.9
66810.8
67051.1
67359.5
67670.2
67940.9
68153.1
68305.7
68407.6
68471.7
68509.7
68530.1
68540.8
68545.3
68547
68546.8
68547.2
68546.2
68548.4
68541.7
68921.2
68850.6
68791.7
68741.4
68697.5
68661.2
68626.8
68603.4
68574
68574.6
69006.9
69108.6
69232.1
69377.8
69554.9
69758.6
69983
70200
70345.8
70312.2
70022.2
69522.2
68928.9
68347.5
67811.4
67350
66974.3
66707
66572.5
66590
66758.1
67040.5
67377.4
67702.4
67975.9
68184.9
68331.5
68427.4
68486.4
68520.2
68537.6
68546.2
68549.3
68549.9
68549
68549
68547.7
68549.7
68543
69006.1
68921.2
68851.4
68791.4
68741.3
68697.1
68661.2
68626.5
68602.9
68573.8
68574.5
69109
69232
69381.8
69558.7
69773.1
70017.7
70277.9
70503.6
70592.6
70410.8
69953.6
69341.7
68714.4
68116.6
67581.5
67129.4
66769.5
66529.3
66434
66498.7
66715.1
67040
67402.3
67739.3
68013.3
68217.7
68357.6
68447
68500.7
68530
68544.8
68551.4
68553
68552.7
68551.1
68550.7
68549.1
68550.9
68544.2
69108.1
69006.1
68922
68851.1
68791.4
68740.9
68697.1
68660.9
68626
68602.5
68573.4
68574.3
69232.5
69381.7
69564.1
69779.8
70039.9
70331.9
70625
70832.4
70791.9
70413.9
69798.8
69128.3
68468.7
67865.1
67337.3
66894.5
66558.2
66350.5
66297
66415.2
66682.9
67049.6
67435
67779.9
68053
68251.3
68383.7
68466.4
68514.6
68539.6
68551.9
68556.4
68556.5
68555.3
68553.1
68552.2
68550.4
68552
68545.3
69231.6
69108.1
69006.9
68921.7
68851.1
68790.7
68740.8
68696.6
68660.2
68625.5
68601.9
68572.9
68574
69382.3
69564.3
69787
70051
70367
70711.6
71023.2
71146.7
70893.5
70300.8
69590.7
68866.7
68194.6
67593.9
67075.8
66651.8
66342.1
66171.7
66167.4
66341.5
66662.8
67069
67474.9
67824.5
68094.7
68285.3
68409.7
68485.5
68527.9
68549.1
68558.6
68561.1
68559.9
68557.8
68554.9
68553.8
68551.7
68553.1
68546.4
69381.4
69231.6
69109
69006.5
68921.7
68850.2
68790.6
68740.2
68695.7
68659.6
68624.8
68601.1
68572.2
68573.4
69564.9
69788
70060.9
70385.5
70768.9
71165.6
71454.3
71378.4
70847.9
70105.9
69311.2
68566.6
67894.3
67303.8
66800.2
66400
66122.7
65995.6
66047
66279.7
66656
67097.8
67521.7
67873.2
68137.9
68319.6
68435.5
68504.1
68540.4
68558.3
68565
68565.6
68563.1
68560.1
68556.7
68555.2
68552.9
68554.2
68547.4
69563.9
69381.4
69232.5
69108.6
69006.6
68920.6
68850
68789.8
68739
68694.7
68658.5
68623.7
68599.9
68571.4
68572.5
69788.5
70063.4
70400.6
70800.7
71263.8
71693.6
71841.1
71437.3
70678.9
69805
68979.5
68233.7
67571.2
66994.6
66514.4
66142.6
65901.7
65824.4
65935.7
66231.4
66662.9
67137.5
67574.4
67925
68182.1
68354
68460.8
68522
68552.9
68567.1
68571.1
68569.8
68566.1
68562.4
68558.3
68556.5
68554
68555.1
68548.4
69787.5
69563.9
69382.3
69232
69108.7
69005
68920.2
68848.9
68788.1
68737.7
68693.2
68656.9
68622.2
68598.4
68570.3
68571.4
70063.9
70404.7
70823.9
71322.1
71866.1
72259
72057.3
71316.8
70346.5
69432.2
68606.3
67871.5
67226
66673.7
66219.2
65879.9
65681.3
65657
65836.2
66198.5
66683.5
67186.9
67631.3
67979.7
68227.1
68388.2
68485.8
68539
68565
68575.5
68576.9
68573.9
68568.9
68564.4
68559.9
68557.8
68555.1
68556.1
68549.3
70062.8
69787.5
69564.9
69381.7
69232.1
69106.5
69004.5
68918.7
68846.8
68786.2
68735.5
68691
68654.7
68620.3
68596.6
68569
68569.8
70406.1
70831.5
71360.3
71977.4
72588.3
72680.7
72033.6
70939.8
69919.2
69005.7
68196.6
67484.6
66866.5
66340.2
65916.9
65614.5
65463.3
65502.1
65751
66182.6
66716.7
67246.3
67694.8
68036.5
68272.4
68422.1
68510
68555.3
68576.7
68583.6
68582.4
68577.7
68571.6
68566.4
68561.4
68559
68556.1
68556.9
68550.1
70404.7
70062.8
69788.5
69564.3
69381.8
69229.2
69105.6
69002.4
68915.8
68844.1
68783.2
68732.3
68687.9
68651.8
68617.8
68594.3
68567.4
68568
70834
71376.4
72044.3
72822.7
73269.5
72852.2
71579.4
70435.7
69422.9
68535.1
67759.5
67081.5
66492.9
65998.4
65609.1
65347.8
65251.6
65358.5
65682.6
66185.4
66764.8
67314.1
67762.7
68095
68317.8
68455.5
68533.3
68571.4
68587.9
68591.2
68587.6
68581.3
68574.1
68568.2
68562.7
68560.1
68557
68557.7
68550.9
70832.9
70404.7
70063.9
69788
69564.1
69377.8
69227.7
69102.6
68998.5
68912
68839.8
68778.8
68728.1
68683.9
68648
68614.7
68591.5
68565.5
68565.8
71384.9
72072.9
72986.6
73741.6
73796.1
72245.4
70964.1
69843.1
68876.4
68040.4
67306.7
66664.1
66110
65649.2
65297.6
65082.4
65044.2
65228.5
65633.3
66206.6
66826.4
67388.2
67834.6
68154.5
68363
68488.3
68555.2
68587.1
68598.6
68598.4
68592.5
68584.6
68576.5
68569.9
68564
68561.2
68557.9
68558.5
68551.6
71383.6
70832.9
70406.1
70063.4
69787
69558.7
69375.5
69223.3
69097.3
68992.9
68906.1
68833.9
68773.1
68722.6
68678.9
68643.4
68610.9
68588.2
68563.3
68563.1
72089.9
73087
74068
74861.3
72887.1
71479.9
70242.4
69205.2
68312.2
67529
66840.5
66237.5
65719
65295
64984.2
64820
64850.8
65115.4
65605.8
66245.2
66901.8
67470.6
67909.6
68214.4
68407.7
68519.9
68576.5
68602.1
68608.8
68605.2
68597.1
68587.8
68578.7
68571.5
68565.2
68562.1
68558.7
68559.2
68552.3
72081.4
71383.6
70834
70404.7
70060.9
69779.8
69554.9
69369
69215.8
69089.4
68984.9
68898
68826
68765.6
68715.6
68672.6
68637.8
68606.3
68584.2
68560.6
68560
73159.5
74273.1
75990.3
73436.5
71942
70596.7
69498.4
68557.7
67735.5
67009.9
66367.4
65803.6
65322.7
64937.2
64670.6
64564.4
64670.7
65022.9
65602.8
66303.5
66988.9
67559.7
67987
68274.5
68451.8
68550.1
68597.4
68616.5
68618.4
68611.7
68601.4
68590.7
68580.8
68573
68566.3
68563.1
68559.4
68559.8
68553
73171.3
72081.4
71384.9
70831.5
70400.6
70051
69773.1
69545.2
69358.2
69204.7
69078.1
68973.7
68887.3
68815.8
68756.1
68706.9
68664.9
68631.1
68600.9
68579.6
68557.7
68556.5
74332.7
77360.6
73874.1
72290.6
70882.7
69739.4
68762.7
67912.9
67159.7
66487.3
65889.1
65365.1
64922.3
64577.4
64359.2
64314.7
64506.3
64953.6
65624.4
66380.7
67086.5
67654.1
68065.6
68334.3
68494.8
68578.5
68617.8
68630.1
68627.5
68617.7
68605.5
68593.5
68582.7
68574.3
68567.4
68563.9
68560.1
68560.4
68553.6
74485.7
73171.3
72089.9
71376.4
70823.9
70385.5
70039.9
69758.6
69529.6
69342.4
69188.8
69062.6
68958.9
68873.3
68802.9
68744.4
68696.3
68655.7
68623.2
68594.6
68574.3
68554.4
68552.5
78540.6
74113.8
72532.4
71081
69916.7
68918.6
68050
67279.2
66586.8
65964.1
65408.5
64923.3
64519.5
64217.2
64051.5
64080.2
64361.3
64911.8
65669.4
66476.2
67192.8
67753.1
68145.1
68393.5
68536.1
68606.7
68637.2
68643.1
68636
68623.4
68609.3
68596.1
68584.5
68575.6
68568.4
68564.7
68560.7
68561
68554.1
80722
74485.7
73159.5
72072.9
71360.3
70800.7
70367
70017.7
69735.8
69506.6
69319.7
69167
69042.1
68939.7
68855.7
68786.9
68730.1
68683.7
68645
68614
68587.5
68568.5
68550.9
68548.2
74590.3
72672.5
71208.9
70026.4
69022.2
68144.1
67362.2
66658.2
66019.5
65441.9
64926.3
64479.4
64115.1
63857.9
63751.3
63860.5
64240.6
64901.7
65740.8
66588.7
67309.6
67855.4
68224.6
68451.8
68575.3
68634.1
68655.7
68655.3
68644.1
68628.8
68612.9
68598.5
68586.2
68576.8
68569.3
68565.4
68561.3
68561.5
68554.6
73815.6
80722
74332.7
73087
72044.3
71322.1
70768.9
70331.9
69983
69701.8
69474
69289
69138.4
69015.8
68915.7
68834.1
68767.7
68713.2
68669.1
68632.6
68603.7
68579.5
68562.1
68547.1
68543.8
72854.3
71289.4
70092
69076
68197.3
67409.5
66697.8
66049.6
65457.6
64921.2
64443.6
64034.1
63710.5
63501.8
63458.6
63658.5
64148.2
64923.5
65837.7
66716.1
67433.5
67959.5
68303.8
68508.1
68612.7
68660.5
68673.2
68666.8
68651.6
68633.7
68616.2
68600.7
68587.7
68577.9
68570.1
68566.1
68561.9
68562
68555.1
72802.2
73815.6
78540.6
74273.1
72986.6
71977.4
71263.8
70711.6
70277.9
69932.1
69654.3
69430.2
69248.9
69102
68983
68886.5
68808.3
68745.1
68693.7
68652.3
68618.7
68592.2
68570.6
68555.4
68542.9
68539.3
71396
70120
69106.9
68215.5
67426.2
66708.8
66053.6
65452.1
64901
64402
63960.5
63588.4
63306.8
63150.1
63181.1
63478.5
64089.3
64976.7
65959.4
66854.2
67563.9
68064.6
68382
68562.2
68649.7
68685.6
68689.7
68677.6
68658.7
68638.4
68619.3
68602.8
68589.2
68578.9
68570.9
68566.7
68562.4
68562.4
68555.5
71336.3
72802.2
74590.3
77360.7
74068
72822.7
71866.1
71165.6
70625
70200
69861.8
69591.2
69373.6
69198.4
69057.2
68943.6
68851.9
68778.2
68718.9
68671.4
68633.5
68603.2
68579.6
68561.1
68548.3
68538.4
68534.8
70191
69104.2
68219.8
67418.2
66697.9
66035.3
65425.6
64863.6
64348.6
63884.1
63477.4
63142.8
62905
62806.7
62919.6
63326.2
64070.8
65065.1
66105
67007.2
67698.8
68169.9
68458.9
68613
68685.6
68709.4
68705.3
68687.7
68665.3
68642.7
68622.2
68604.7
68590.5
68579.8
68571.6
68567.2
68562.8
68562.8
68555.9
70108.9
71336.3
72854.3
74113.8
75990.3
73741.6
72588.3
71693.6
71023.2
70503.6
70094.9
69770.2
69511
69303.6
69137.2
69003.8
68897.1
68811.7
68743.7
68689.4
68646.5
68612.7
68586.3
68566.1
68550.9
68540.8
68533.8
68530.6
69162.4
68205.7
67405.8
66670.5
66002.6
65382.7
64810.3
64282
63799.5
63367.2
62994.4
62698
62507
62471.4
62676.9
63207.7
64092.3
65188.1
66270.6
67169.9
67836.4
68274.5
68532.7
68662.6
68719.9
68732
68719.9
68697.2
68671.5
68646.8
68624.8
68606.5
68591.7
68580.7
68572.2
68567.7
68563.3
68563.1
68556.3
69066
70108.9
71396
72672.5
73874.1
74861.3
73269.5
72259
71454.3
70832.4
70345.8
69961.8
69656.7
69413.6
69219.6
69064.9
68941.7
68843.7
68766.1
68705
68657
68619.5
68590.5
68568.4
68552.1
68540.4
68533.2
68529.3
68526.3
68229.7
67380.6
66645.4
65959.8
65331.8
64745.6
64204.6
63705.6
63252.5
62850.9
62511.7
62254.6
62114.5
62150.2
62458.5
63130.2
64157.7
65344.3
66450.5
67341.4
67975.1
68377.9
68602.9
68711.2
68752.5
68753.1
68733.5
68706
68677.2
68650.5
68627.3
68608.2
68592.8
68581.5
68572.8
68568.2
68563.6
68563.4
68556.6
68143.1
69066
70191
71289.4
72532.5
73436.5
73796.1
72680.7
71841.1
71146.7
70592.6
70151.6
69800.8
69521.5
69299.2
69122.1
68982
68871.3
68784.3
68716
68663.1
68622.1
68590.9
68567.3
68550
68537.9
68529.9
68525.7
68525
68522
67391.3
66612.1
65925.5
65276.4
64678.3
64120.2
63605.4
63132.5
62706.7
62334.8
62029.5
61813.9
61730.1
61844.9
62271.5
63101.9
64268.9
65533.1
66650.6
67518.6
68113.9
68478.5
68669.3
68758.1
68783.1
68772.9
68746.3
68714.3
68682.5
68654
68629.5
68609.7
68593.9
68582.2
68573.4
68568.6
68564
68563.7
68556.8
67301.5
68143.1
69162.4
70120
71208.9
72290.6
72887.1
72852.2
72057.3
71378.4
70791.9
70312.2
69924.9
69614.4
69366.3
69169.4
69013.3
68890.5
68794.4
68719.9
68662.4
68618.7
68585.8
68561.4
68543.8
68531.6
68523.9
68519.8
68518.6
68521.1
68517.9
66613.3
65885
65232.5
64612.2
64038
63502.1
63010.5
62561.4
62161.3
61818.8
61548.1
61377.9
61353
61557.6
62123.6
63124.4
64427.3
65748.3
66863.6
67699.7
68251.7
68575
68735.1
68802.6
68812.1
68791.5
68758.2
68721.9
68687.5
68657.2
68631.6
68611.1
68594.8
68582.9
68573.9
68569
68564.3
68563.9
68557.1
66520.4
67301.5
68229.7
69104.2
70092
71081
71942
72245.4
72033.6
71437.3
70893.5
70410.8
70007.6
69677.4
69410.7
69197.3
69028.4
68895.6
68792.3
68712.7
68652.3
68606.9
68573.4
68549.2
68532.1
68520.8
68513.8
68510.7
68510.5
68511.7
68517.5
68514.2
65879.4
65186.7
64560.2
63960.5
63405.6
62889.4
62417.5
61990.7
61615.8
61302.7
61068.6
60947.6
60988.3
61295
62026.4
63208.1
64629.4
65982.7
67087.9
67882
68387.7
68665.5
68798.9
68844.6
68839.2
68808.8
68769.3
68729
68692.1
68660.1
68633.6
68612.3
68595.7
68583.5
68574.4
68569.3
68564.6
68564.1
68557.4
65783.3
66520.4
67391.3
68205.7
69106.9
70026.4
70882.7
71479.9
71579.4
71316.8
70847.9
70413.9
70022.2
69690.9
69417.3
69195.9
69019.2
68880.6
68772.9
68690.9
68629.3
68583.9
68551.4
68528.6
68513.6
68504.1
68499.3
68497.6
68498.4
68502.2
68506
68514.5
68511.1
65175.2
64508.3
63900.7
63318.5
62777.6
62279.1
61825.4
61419.4
61069.5
60786.8
60592.7
60525.4
60636.2
61066.3
61987.2
63352.4
64875.2
66243.5
67319.8
68064.4
68518.6
68753.6
68859.7
68884.3
68864.5
68825
68779.6
68735.6
68696.3
68662.9
68635.3
68613.5
68596.5
68584
68574.8
68569.6
68564.9
68564.3
68557.6
65074.9
65783.3
66613.3
67380.6
68219.8
69076
69916.7
70596.7
70964.1
70939.8
70678.9
70300.8
69953.6
69640.2
69374.6
69155
68978.2
68838.8
68731
68649.7
68589.7
68546.8
68517.3
68498.1
68486.4
68480.5
68478.6
68479.7
68483.2
68487.8
68495.2
68501.4
68512.1
68508.5
64492.4
63842.4
63250.4
62681.1
62152
61668
61232.7
60847.2
60522.5
60271.6
60122.6
60109
60297.3
60884.7
62019.2
63560.3
65155
66520.9
67556.4
68245.2
68643.1
68839.8
68917.4
68921.2
68888
68839.9
68789.1
68741.7
68700.2
68665.4
68637
68614.6
68597.2
68584.5
68575.2
68569.9
68565.1
68564.5
68557.8
64387.6
65074.9
65879.4
66612.1
67405.8
68215.5
69022.2
69739.4
70242.4
70435.7
70346.5
70105.9
69798.8
69522.2
69275.2
69068
68898.6
68764.9
68661.8
68585
68530.3
68492.8
68469
68455.4
68449.3
68448.6
68451.1
68456.5
68463
68471.2
68479.4
68489.7
68497.9
68510.3
68506.7
63822.1
63186.3
62604.5
62045.6
61527
61055.6
60637.5
60273.2
59975.3
59759.4
59660.3
59698.4
59978.3
60763.9
62133.6
63825.5
65460.4
66812.5
67794.7
68421.9
68760.8
68922.9
68971.4
68955.9
68910
68853.8
68797.9
68747.3
68703.7
68667.7
68638.4
68615.5
68597.8
68585
68575.5
68570.2
68565.3
68564.6
68558
63711.4
64387.6
65175.2
65885
66645.4
67418.2
68197.3
68918.6
69498.4
69843.1
69919.2
69805
69590.7
69341.7
69123.7
68934.3
68779.2
68656.1
68562.4
68494.4
68448.3
68419.8
68404.9
68399.5
68401.3
68407.3
68416.4
68426.9
68438.6
68450
68462.1
68473.2
68485.8
68495.6
68509.2
68505.6
63162.5
62533
61960.9
61409.7
60900.1
60441.2
60039.6
59697.4
59427
59253.5
59206.2
59285.9
59694.3
60724.6
62330.6
64146.6
65798
67113.6
68032.4
68591.4
68877.3
69001.6
69022.3
68988
68930.3
68866.7
68806.1
68752.4
68707
68669.7
68639.8
68616.4
68598.4
68585.4
68575.9
68570.4
68565.5
68564.7
68558.3
63046.4
63711.4
64492.4
65186.7
65925.5
66670.5
67426.2
68144.1
68762.7
69205.2
69422.9
69432.2
69311.2
69128.3
68928.9
68761.3
68622.2
68513.6
68432.7
68377.4
68344.1
68328
68324.2
68329.6
68341.1
68356.5
68373.5
68391.5
68408.8
68425.6
68441
68456
68469.3
68483.5
68494.3
68508.6
68505.4
62505.3
61880.8
61316.8
60771.1
60270
59823.5
59439.1
59120.4
58879.8
58759.2
58749.6
58867.3
59468.7
60788
62610.8
64510.2
66156.5
67420.3
68267.7
68750.4
68989.9
69075.8
69069.6
69017.8
68949.1
68878.5
68813.5
68757.2
68710
68671.7
68641
68617.2
68598.9
68585.7
68576.1
68570.6
68565.6
68564.8
68558.5
62381.6
63046.4
63822.1
64508.3
65232.5
65959.8
66697.9
67409.5
68050
68557.7
68876.4
69005.7
68979.5
68866.7
68714.4
68558.9
68437.2
68343.3
68277.1
68237.2
68218.5
68216.7
68227
68245.6
68269.5
68296.2
68323.6
68349.8
68374.6
68397
68417.6
68435.7
68452.7
68467.6
68482.5
68494
68508.5
68506.3
61849.5
61227.4
60669.4
60128.6
59635.9
59201.8
58837.3
58540.8
58341.2
58282
58270.7
58457.7
59335.4
60964.7
62962.8
64905.1
66532.3
67729.2
68494.6
68905.5
69097.2
69145.3
69113.5
69045.5
68966.4
68889.4
68820.4
68761.5
68712.8
68673.4
68642.1
68617.9
68599.4
68586
68576.4
68570.8
68565.7
68564.8
68558.7
61718.2
62381.6
63162.5
63842.4
64560.2
65276.4
66002.6
66708.8
67362.2
67912.9
68312.2
68535.1
68606.3
68566.6
68468.7
68347.5
68233.2
68153.1
68101.3
68076.5
68074.6
68088.7
68114.8
68149.2
68188
68227.9
68266.6
68303.1
68336
68365.5
68391.4
68414.2
68434
68451.9
68467.5
68482.7
68494.2
68508.7
68506.6
61192.6
60570.2
60017.4
59481.4
58996.5
58577.1
58233.4
57961.1
57824.8
57799.5
57743
58100.6
59338.2
61249.1
63382.2
65338.6
66918.9
68036.5
68710.3
69056.8
69198.5
69209.9
69154.2
69070.9
68982.3
68899.3
68826.6
68765.4
68715.2
68675
68643.1
68618.5
68599.8
68586.3
68576.6
68570.9
68565.9
68564.9
68558.9
61053.3
61718.2
62505.3
63186.3
63900.7
64612.2
65331.8
66035.3
66697.8
67279.2
67735.5
68040.4
68196.6
68233.7
68194.6
68116.6
68027.6
67952.7
67913.7
67903.4
67916.7
67947.5
67991.6
68043.4
68098.3
68152.9
68204.7
68252.2
68294.5
68331.6
68363.7
68391.2
68414.9
68435.2
68453.2
68468.9
68483.5
68495.1
68509
68513.7
60531.1
59908
59360.1
58828.1
58351.9
57951.2
57623.8
57393.4
57354.8
57249.5
57156.6
57857.2
59490.7
61633.2
63851
65796.7
67312.3
68337.6
68915.4
69202.4
69293
69270.1
69191.7
69094.3
68996.9
68908.5
68832.3
68769
68717.5
68676.4
68644
68619.1
68600.2
68586.6
68576.8
68571
68565.9
68564.9
68559.2
60383.4
61053.4
61849.5
62533
63250.4
63960.5
64678.3
65382.7
66053.6
66658.2
67159.7
67529
67759.5
67871.5
67894.3
67865.1
67811.4
67756.5
67722.3
67724.1
67751.4
67799.2
67861.3
67931.1
68003.4
68074
68139.7
68199.2
68251.5
68296.7
68335.3
68368
68395.5
68418.8
68438.6
68455.9
68470.8
68485
68495.5
68509.4
68501.4
59863.5
59240.6
58696.1
58168.1
57705.2
57321.3
57013.1
56877.9
56866.4
56558.6
56620.7
57802.2
59783.8
62099.5
64356.2
66274.6
67707.7
68626.1
69117.8
69339.9
69381.8
69325.4
69226.2
69115.8
69010.3
68916.8
68837.5
68772.2
68719.5
68677.6
68644.8
68619.6
68600.5
68586.8
68577
68571.1
68566
68565
68559.4
59706.4
60383.4
61192.6
61880.8
62604.5
63318.5
64038
64745.6
65425.6
66049.6
66586.8
67009.9
67306.7
67484.6
67571.2
67593.9
67581.5
67556.7
67539.3
67545.8
67585.5
67648.5
67728.2
67816.6
67906.8
67993.9
68074.3
68146.2
68208.9
68262.4
68307.6
68345.4
68376.8
68403
68424.9
68443.5
68459.2
68473.5
68485.8
68497.4
68508.6
59190.6
58565.7
58024.9
57504
57056.8
56681.8
56423.5
56465.1
56202.9
55744.1
56274
57953
60196.5
62640.4
64903.9
66764.6
68100
68897.8
69313.2
69469
69463.6
69376.4
69257.9
69135.4
69022.4
68924.3
68842.2
68775.1
68721.3
68678.7
68645.5
68620
68600.8
68587
68577.1
68571.2
68566.1
68565
68559.5
59024.2
59706.4
60531.1
61227.4
61960.9
62681.1
63405.6
64120.2
64810.3
65452.1
66019.5
66487.3
66840.5
67081.5
67226.1
67303.8
67337.3
67350
67358.7
67377.9
67424.4
67501
67597.4
67703.8
67812.2
67916.1
68011.3
68096
68168.9
68230.6
68282.1
68324.7
68359.8
68388.7
68412.4
68432.2
68448.6
68463.2
68475.1
68487.9
68496.3
58509
57883.9
57346.8
56839.4
56398.7
56040.4
55990.1
55952.9
55221.4
54982.5
56222
58267.1
60716
63233.6
65479.4
67262.4
68478.7
69164.9
69498.9
69589.1
69539
69423.3
69286.8
69153.2
69033.4
68931.1
68846.4
68777.7
68722.9
68679.7
68646.1
68620.4
68601
68587.1
68577.2
68571.3
68566.1
68565
68559.7
58332
59024.2
59863.5
60570.2
61316.8
62045.7
62777.6
63502.1
64204.6
64863.6
65457.6
65964.1
66367.4
66664.1
66866.5
66994.6
67075.8
67129.4
67171.8
67215.9
67275.5
67361.9
67473.2
67597
67723
67844
67953.7
68050.2
68133.3
68202.8
68260.2
68307.2
68345.4
68376.6
68401.9
68422.7
68439.5
68454.1
68465.7
68478.3
68487.1
57820.1
57194.7
56668.1
56168.5
55726
55507.8
55682
55004.1
54002.2
54637.5
56409.3
58723.1
61318.1
63866.2
66076.8
67761.7
68838.3
69423.8
69673.5
69700.5
69608.3
69466
69313.1
69169.4
69043.4
68937.3
68850.2
68780
68724.3
68680.6
68646.6
68620.7
68601.2
68587.2
68577.3
68571.3
68566.2
68565
68559.8
57633
58332
59190.6
59908
60669.4
61409.7
62152
62889.4
63605.4
64282
64901
65441.9
65889.1
66237.5
66492.9
66673.7
66800.2
66894.5
66974.3
67051.7
67135.6
67235.7
67359.9
67499.3
67642.9
67778.7
67903.2
68012
68104
68180.3
68242.8
68293.4
68334.2
68367.1
68393.6
68415
68432.2
68446.8
68457.8
68469.8
68477.3
57122.5
56502.9
55987.1
55472.9
55100.4
55320.6
54946.2
53408.7
53216.2
54685.6
56776.4
59292.8
61994.6
64543.3
66688.3
68251.2
69185.5
69672.6
69835.7
69803.2
69671.7
69504.9
69336.9
69184
69052.3
68942.7
68853.5
68782.1
68725.5
68681.3
68647
68620.9
68601.3
68587.3
68577.4
68571.4
68566.2
68565
68559.8
56925.2
57633
58509
59240.6
60017.4
60771.1
61527
62279.1
63010.5
63705.6
64348.6
64921.2
65408.5
65803.6
66110
66340.2
66514.4
66651.8
66769.5
66881.6
66997.3
67120.9
67259.3
67414.2
67571.8
67724.4
67861.9
67981.4
68081.6
68164
68230.7
68284.1
68326.8
68361
68388.1
68409.8
68427
68441.2
68451.7
68462.9
68468.8
56417.2
55813.9
55276.2
54776.9
54907.6
54917.2
53132.1
51956.5
53132.6
54954.1
57289.2
59957.6
62723.9
65251.2
67307.9
68719.5
69525.9
69906.7
69987.2
69897.1
69729.4
69540.1
69358.4
69197.1
69060.3
68947.6
68856.5
68783.8
68726.5
68681.9
68647.3
68621.1
68601.4
68587.4
68577.4
68571.4
68566.2
68565
68559.8
56207.7
56925.2
57820.1
58565.7
59360.1
60128.6
60900.1
61668
62417.5
63132.5
63799.5
64402
64926.4
65365.1
65719
65998.4
66219.2
66400
66558.2
66707
66856.1
67010.8
67172.4
67339.5
67513.8
67679.9
67829.7
67959
68066.5
68153.9
68223.8
68279.5
68323.5
68358.1
68385.4
68407
68423.9
68437.5
68447.4
68457.5
68461.9
55716.9
55097
54539.5
54514.2
54833.1
53085.1
50873.8
51763
53318
55398
57911
60699.9
63493.4
65983.9
67926.2
69165.8
69854.5
70126.1
70125.9
69982.7
69781.6
69571.9
69377.6
69208.8
69067.4
68951.8
68859
68785.3
68727.4
68682.3
68647.6
68621.2
68601.5
68587.4
68577.4
68571.4
68566.2
68565
68559.8
55503.9
56207.8
57122.5
57883.9
58696.1
59481.4
60270
61055.6
61825.5
62561.4
63252.5
63884.1
64443.6
64923.3
65322.7
65649.2
65916.9
66142.6
66342.1
66529.3
66714.3
66900.9
67089.5
67279.3
67466
67645.4
67806.2
67944.4
68058.2
68149.5
68222.2
68279.3
68323.8
68358.5
68385.5
68406.7
68423
68435.9
68444.9
68453.9
68456.5
54991.2
54327
54191.4
54682.5
53123.5
49987.8
50592.8
51893.6
53689
55964.6
58626.5
61514.2
64310.4
66733.3
68525.7
69609.6
70166.2
70328.7
70252.9
70060.3
69828.7
69600.4
69394.8
69219.1
69073.6
68955.5
68861.1
68786.5
68728
68682.7
68647.7
68621.3
68601.5
68587.4
68577.4
68571.4
68566.2
68565
68559.7
54778.9
55503.9
56417.3
57194.7
58024.9
58828.1
59635.9
60441.2
61232.7
61990.7
62706.7
63367.2
63960.5
64479.4
64922.3
65295
65609.1
65879.9
66122.7
66350.5
66572.5
66794.2
67011.9
67226.4
67429.8
67619.1
67790.9
67936.6
68055.7
68150.5
68225.1
68282.8
68327.4
68361.7
68388.1
68408.5
68424
68436.1
68444.3
68452.1
68453.2
54199.1
53897.9
54533.8
53208.8
49293.4
49626.4
50687.5
52196.8
54196.2
56632.7
59427.4
62381.6
65162.8
67491.4
69095.9
70036.6
70458.2
70515.8
70368.2
70130.4
69870.9
69625.7
69410
69228.2
69078.9
68958.6
68862.9
68787.5
68728.5
68682.9
68647.8
68621.3
68601.5
68587.4
68577.5
68571.4
68566.2
68565
68559.5
53945.3
54778.9
55716.9
56502.9
57346.8
58168.1
58996.5
59823.5
60637.5
61419.4
62161.3
62850.9
63477.4
64034.1
64519.5
64937.2
65297.6
65614.5
65901.7
66171.8
66434
66687.9
66939.3
67178
67400.8
67602.9
67781.3
67934.5
68057.8
68155.6
68231.4
68289.5
68333.6
68367.2
68392.7
68412.2
68426.7
68437.9
68445.1
68452.2
68451.1
53719.5
54361.5
53276.6
48773.8
48865.9
49693.3
50932
52647.8
54803.2
57392.9
60301.6
63292.5
66045.3
68238.2
69660.3
70446.7
70729.3
70686.7
70472.5
70193.1
69908.5
69648.1
69423.3
69236
69083.4
68961.2
68864.3
68788.2
68728.8
68683
68647.8
68621.3
68601.5
68587.4
68577.5
68571.4
68566.2
68565
68559.4
53422.6
53945.3
54991.2
55813.9
56668.1
57504
58351.9
59201.8
60039.6
60847.2
61615.8
62334.8
62994.4
63588.4
64115.1
64577.4
64984.2
65347.8
65681.3
65995.6
66297
66590
66871.6
67135.3
67377.3
67593
67779.6
67936
68063.6
68163.7
68240.4
68298.3
68341.8
68374.5
68398.9
68417.3
68430.8
68441.1
68447.4
68453.6
68450.3
54191.5
53333.7
48398.3
48292.1
48900.4
49891.1
51331.1
53193.8
55507.4
58235.5
61248.8
64257.3
66948
68957.5
70208.1
70831.9
70979.8
70841.6
70566.1
70249
69941.7
69667.7
69434.8
69242.6
69087.2
68963.2
68865.3
68788.6
68729
68683
68647.7
68621.2
68601.5
68587.4
68577.4
68571.4
68566.2
68565
68559.2
53944.8
53422.6
54199.1
55097
55987.1
56839.4
57705.2
58577.1
59439.1
60273.2
61069.5
61818.8
62511.7
63142.8
63710.5
64217.2
64670.6
65082.4
65463.3
65824.4
66167.4
66498.7
66810.8
67099.3
67359.8
67588.2
67782.3
67942.5
68071.3
68173.7
68250.9
68308.5
68351.3
68382.9
68406.3
68423.6
68436.1
68445.4
68450.8
68455.8
68451.4
53352
48090.8
47871.5
48297.1
49061
50243.3
51822.1
53836.1
56299.1
59159.3
62254.8
65266.4
67854.3
69664.9
70739.4
71192.1
71207.9
70981
70649.5
70298.4
69970.8
69684.6
69444.5
69248.1
69090.1
68964.6
68865.9
68788.8
68728.9
68682.9
68647.7
68621.2
68601.5
68587.4
68577.4
68571.4
68566.1
68565
68558.9
53370.4
53944.8
53719.5
54327
55276.2
56168.6
57056.8
57951.2
58837.3
59697.4
60522.5
61302.7
62029.5
62698
63306.8
63857.9
64359.2
64820
65251.6
65657
66047
66415.2
66758.1
67071
67349
67588.7
67789.5
67952
68082.1
68184.2
68262.1
68319.2
68361.3
68392
68414.3
68430.6
68442
68450.4
68454.9
68458.9
68453.5
47860.4
47510.9
47853.1
48427.9
49373.7
50686.8
52404.1
54566.9
57174.1
60159.1
63313.3
66312.9
68740.2
70359.1
71242.7
71523
71415.1
71105.5
70723.2
70341.6
69995.8
69699
69452.6
69252.4
69092.3
68965.6
68866.2
68788.7
68728.8
68682.8
68647.6
68621.2
68601.5
68587.4
68577.4
68571.3
68566.1
68564.9
68558.7
47501.5
53370.4
54191.5
53897.9
54539.5
55472.9
56398.7
57321.3
58233.4
59120.4
59975.3
60786.8
61548.1
62254.6
62905
63501.8
64051.5
64564.4
65044.2
65502.1
65935.7
66341.5
66715.1
67051.1
67345
67594.6
67799.8
67964.7
68095.1
68196.3
68272.8
68330.2
68371.5
68401.3
68422.6
68437.9
68448.4
68456
68459.5
68462.9
68456.6
47268.3
47481.4
47959.8
48708.3
49777.1
51215
53075.9
55380
58132.7
61240.4
64436
67381.4
69611.5
71035.9
71713.9
71826.9
71600.9
71215.8
70787.8
70378.9
70017.1
69710.9
69458.9
69255.6
69093.6
68966
68866.1
68788.6
68728.7
68682.7
68647.6
68621.2
68601.5
68587.4
68577.4
68571.3
68566
68564.9
68558.5
46844.1
47501.5
53352
54361.6
54191.4
54776.9
55726
56681.8
57623.8
58540.8
59427
60271.6
61068.6
61813.9
62507
63150.1
63751.3
64314.7
64850.8
65358.5
65836.2
66279.7
66682.9
67040.5
67348.5
67605.7
67814.2
67980.1
68109.9
68209
68284.3
68340.4
68381.4
68410.4
68430.8
68445.2
68454.8
68461.7
68464.5
68467.5
68460.3
47234.2
47568
48214.7
49079.5
50260.7
51833
53826.3
56277.6
59178.4
62387.9
65617
68444.6
70479.7
71684
72150.9
72101.8
71765.9
71312.6
70843.6
70410.6
70034.7
69720.3
69463.6
69257.6
69094.3
68965.9
68865.9
68788.3
68728.6
68682.7
68647.7
68621.3
68601.5
68587.4
68577.3
68571.2
68565.9
68564.8
68558.3
46796.8
46844.1
47860.4
53333.7
54533.8
54514.2
55100.4
56040.4
57013.1
57961.1
58879.8
59759.4
60592.7
61377.9
62114.5
62806.8
63458.6
64080.2
64670.7
65228.5
65751
66231.4
66662.8
67040
67359.5
67621.7
67832.5
67998.5
68126.5
68223.3
68296.4
68350.7
68390.4
68418.9
68438.5
68452.2
68461.1
68467.5
68469.6
68472.4
68464.5
47298.3
47799.7
48560.5
49527.9
50832
52526.5
54656.9
57264.1
60309.5
63608.2
66840.9
69499.7
71326.6
72294.5
72550.9
72347.9
71911.1
71396.3
70891.1
70436.9
70048.8
69727.3
69466.7
69258.7
69094.2
68965.6
68865.6
68788.2
68728.6
68682.8
68647.7
68621.3
68601.5
68587.3
68577.2
68571.1
68565.9
68564.8
68558
46851.5
46796.8
47268.3
48090.8
53276.6
54682.5
54907.7
55507.8
56423.5
57393.4
58341.2
59253.5
60122.6
60947.6
61730.1
62471.4
63181.1
63860.5
64506.3
65115.4
65682.6
66198.5
66656
67049.6
67377.4
67643.2
67854.8
68019.1
68144.2
68238.8
68309.2
68361.1
68399.1
68426.5
68445.7
68458.8
68467.1
68473
68474.7
68477.3
68468.8
47506.3
48122.5
48981.5
50062.1
51476.7
53294.5
55575
58342.1
61532
64905.9
68085.5
70562.1
72149.1
72864.3
72912.4
72565.6
72037.4
71467.8
70930.6
70458
70059.3
69732
69468.3
69258.6
69093.8
68965.2
68865.4
68788.2
68728.7
68682.9
68647.8
68621.3
68601.4
68587.2
68577.1
68571
68565.7
68564.7
68557.8
47033.9
46851.5
47234.2
47510.9
48398.3
53208.8
54833.1
55320.6
55990.1
56877.9
57824.8
58759.2
59660.3
60525.4
61353.1
62150.2
62919.6
63658.5
64361.3
65022.9
65633.3
66182.6
66662.9
67069
67402.3
67670.2
67880.5
68041.9
68163.9
68255.2
68322.6
68372
68407.8
68433.7
68452
68464.7
68472.7
68478.3
68479.6
68482.1
68473.3
47815.2
48520.1
49486.7
50668.1
52189.2
54146.6
56584.1
59516.1
62833.8
66275.2
69339.6
71607
72931.1
73385.9
73236.8
72755.7
72145.3
71527.5
70962.4
70474
70066.5
69734.5
69468.4
69258
69093.2
68964.9
68865.4
68788.3
68728.8
68683
68647.8
68621.2
68601.3
68587.1
68577
68570.9
68565.6
68564.6
68557.6
47318.2
47033.9
47298.3
47481.4
47871.5
48773.8
53123.4
54917.2
55682
56465.1
57354.9
58282
59206.2
60109
60988.3
61844.9
62676.9
63478.5
64240.6
64953.6
65605.8
66185.4
66683.5
67097.8
67435
67702.4
67909.7
68066.7
68184.9
68272.5
68336.6
68383.2
68416.7
68440.7
68457.9
68470
68477.7
68483
68484.2
68486.6
68477.6
48196.7
49000.7
50064.3
51339.5
52981.6
55086.6
57689.3
60797.5
64237.7
67693.5
70612.9
72634.9
73664.2
73860.2
73522.5
72919.1
72235.9
71575.9
70986.8
70485.1
70070.6
69734.9
69467.7
69257.3
69092.9
68964.9
68865.6
68788.6
68728.9
68683
68647.7
68621.1
68601.2
68587
68576.8
68570.8
68565.5
68564.5
68557.4
47672.7
47318.2
47506.3
47568
47853.1
48292.1
49293.4
53085.1
54946.2
55952.9
56866.4
57799.5
58749.6
59698.4
60636.2
61557.6
62458.5
63326.2
64148.2
64911.8
65602.8
66206.6
66716.7
67137.5
67474.9
67739.3
67940.9
68093.8
68207.2
68290.6
68351.1
68394.6
68425.7
68447.9
68463.6
68474.8
68482.1
68487.3
68488.4
68490.9
68481.8
48658.4
49553.2
50703.3
52084.1
53858.2
56118.7
58903.6
62180.9
65737.4
69152.5
71882
73621.2
74341.7
74283.6
73769.7
73057
72309.8
71613.3
71004
70491.6
70071.4
69734.1
69466.7
69256.8
69092.9
68965.2
68865.9
68788.7
68729
68682.9
68647.6
68620.9
68601
68586.8
68576.6
68570.6
68565.3
68564.3
68557.1
48107.1
47672.7
47815.2
47799.7
47959.8
48297.1
48865.9
49987.8
53132.1
55004.1
56202.9
57249.5
58270.7
59285.9
60297.3
61295
62271.5
63207.7
64089.3
64901.7
65624.5
66245.2
66764.8
67186.9
67521.7
67779.9
67975.9
68122.6
68230.7
68309.3
68365.8
68406.2
68434.8
68455.1
68469.3
68479.4
68486.1
68491.1
68492.1
68494.8
68485.7
49191.3
50162.6
51410.8
52911.6
54823.4
57254.2
60228.8
63669.6
67319.3
70650.9
73146.6
74554.8
74956.1
74655
73979.7
73170.4
72367.7
71640.2
71014.5
70493.4
70070.7
69732.8
69466.1
69256.8
69093.2
68965.6
68866.1
68788.8
68728.8
68682.7
68647.3
68620.7
68600.8
68586.6
68576.4
68570.4
68565.1
68564.1
68556.8
48612.3
48107.1
48196.7
48122.5
48214.7
48427.9
48900.4
49626.4
50873.8
53408.7
55221.4
56558.6
57743
58867.3
59978.3
61066.3
62123.6
63130.2
64070.8
64923.5
65669.4
66303.5
66826.4
67246.3
67574.4
67824.5
68013.3
68153.1
68255.1
68328.5
68380.8
68417.9
68444
68462.3
68475.1
68484
68489.9
68494.4
68495.4
68498.2
68489.3
49779.9
50839.7
52198.8
53820.9
55885.9
58499.1
61684.3
65288.1
68983.5
72167.6
74373
75423.6
75503.8
74974.3
74153.8
73260.1
72410
71657.3
71018.3
70493.1
70069.1
69732
69466.1
69257.3
69093.8
68965.9
68866.2
68788.6
68728.5
68682.3
68647
68620.4
68600.5
68586.3
68576.1
68570.2
68564.9
68563.9
68556.6
49169.2
48612.3
48658.4
48520.1
48560.5
48708.3
49061
49693.3
50592.8
51956.5
54002.2
55744.1
57156.6
58457.7
59694.3
60884.7
62026.4
63101.9
64092.3
64976.7
65740.8
66380.7
66901.8
67314.1
67631.3
67873.2
68053
68184.9
68280.1
68348
68396
68429.7
68453.2
68469.5
68480.8
68488.7
68493.7
68497.6
68498.3
68501.2
68492.5
50433.1
51593.1
53064
54823.1
57059.7
59876.5
63271.7
67028.8
70713.3
73697.5
75548.4
76213.2
75983.2
75241.1
74293.3
73327
72438
71664.7
71018.8
70491.2
70068.1
69732
69466.7
69258
69094.2
68966
68865.9
68788.2
68728
68681.9
68646.6
68620
68600.2
68586
68575.9
68569.9
68564.6
68563.7
68556.3
49788.4
49169.2
49191.3
49000.7
48981.5
49079.5
49373.7
49891.1
50687.5
51763
53216.2
54982.5
56620.7
58100.6
59468.7
60763.9
61987.2
63124.4
64157.7
65065.1
65837.7
66476.2
66988.9
67388.2
67694.8
67925
68094.7
68217.7
68305.7
68367.8
68411.3
68441.5
68462.4
68476.7
68486.4
68493.2
68497.5
68500.8
68501.1
68503.9
68495.3
51161.3
52420
54017.7
55931.2
58354.3
61392.9
64995.2
68887.7
72499
75203.6
76650.2
76916.6
76390.9
75457.9
74399.2
73372.7
72451.8
71667.1
71017
70490.1
70068.1
69732.8
69467.7
69258.6
69094.3
68965.6
68865.3
68787.5
68727.4
68681.3
68646.1
68619.6
68599.8
68585.7
68575.5
68569.6
68564.3
68563.4
68555.9
50479.5
49788.4
49779.9
49553.2
49486.7
49527.9
49777.1
50243.4
50932
51893.6
53132.6
54637.5
56274
57857.2
59335.4
60724.6
62019.2
63208.1
64268.9
65188.1
65959.4
66588.7
67086.5
67470.6
67762.7
67979.7
68137.9
68251.3
68331.5
68387.7
68426.5
68453.3
68471.4
68483.8
68492.1
68497.7
68501.2
68504
68503.8
68506.4
68497.8
51959.4
53330.5
55071.4
57150.8
59783.7
63070.7
66884.8
70855.1
74321.6
76662.9
77653.1
77528.2
76725.5
75625.5
74473.8
73397.7
72457.6
71665.6
71015.7
70490.1
70069.1
69734.1
69468.4
69258.7
69093.6
68964.6
68864.3
68786.5
68726.5
68680.6
68645.5
68619.1
68599.4
68585.4
68575.2
68569.3
68564
68563.1
68555.5
51234.9
50479.5
50433.1
50162.6
50064.3
50062.1
50260.7
50686.9
51331.1
52196.8
53318
54685.6
56222
57802.2
59338.3
60788
62133.6
63352.4
64427.3
65344.3
66105
66716.1
67192.8
67559.7
67834.6
68036.5
68182.1
68285.3
68357.6
68407.6
68441.8
68464.9
68480.4
68490.8
68497.6
68502.2
68504.9
68507.1
68506.5
68508.9
68500.2
52837.6
54335.2
56231
58498.4
61374.6
64911.1
68932.8
72928.8
76147.3
78041.3
78547.5
78041.2
76989.5
75746.8
74517.8
73410.1
72457.6
71664.4
71015.7
70491.2
70070.7
69734.9
69468.3
69257.6
69092.3
68963.2
68862.9
68785.3
68725.5
68679.7
68644.8
68618.5
68598.9
68585
68574.8
68569
68563.6
68562.8
68555.1
52065.4
51234.9
51161.3
50839.7
50703.3
50668.1
50832
51215
51822.1
52647.8
53689
54954.1
56409.3
57953
59490.7
60964.7
62330.6
63560.3
64629.4
65533.1
66270.6
66854.2
67309.6
67654.1
67909.6
68095
68227.1
68319.6
68383.7
68427.4
68456.8
68476.4
68489.3
68497.7
68503
68506.6
68508.4
68510.1
68509.2
68511.4
68502.5
53806.5
55440
57511.7
60002.9
63151
66953.5
71156.9
75073
77935
79305.4
79316.7
78453
77185.5
75822.5
74542.2
73413.3
72456.9
71664.4
71017
70493.1
70071.4
69734.5
69466.7
69255.6
69090.1
68961.2
68861.1
68783.8
68724.3
68678.7
68644
68617.9
68598.4
68584.5
68574.4
68568.6
68563.3
68562.4
68554.6
52981.5
52065.4
51959.4
51593.1
51410.8
51339.5
51476.7
51833
52404.1
53193.8
54196.2
55398
56776.4
58267.1
59783.8
61249.1
62610.8
63825.5
64875.2
65748.3
66450.5
67007.2
67433.5
67753.1
67987
68154.5
68272.4
68354
68409.7
68447.1
68471.7
68487.8
68498
68504.5
68508.3
68510.8
68511.9
68513.1
68511.9
68513.8
68504.8
54872.2
56657.5
58943.1
61689
65132.7
69216.9
73526.9
77257.3
79639.3
80423.3
79948.5
78766.5
77313.8
75867.9
74551.7
73413.9
72456.9
71665.6
71018.8
70493.4
70070.6
69732
69463.6
69252.4
69087.2
68958.6
68859
68782.1
68722.9
68677.6
68643.1
68617.2
68597.8
68584
68573.9
68568.2
68562.8
68562
68554.1
53987.3
52981.5
52837.6
52420
52198.8
52084.1
52189.2
52526.5
53075.9
53836.1
54803.2
55964.6
57289.2
58723.1
60196.5
61633.2
62962.8
64146.6
65155
65982.7
66650.6
67169.9
67563.9
67855.4
68065.6
68214.4
68317.8
68388.2
68435.5
68466.4
68486.4
68498.9
68506.5
68511
68513.5
68515
68515.4
68516
68514.5
68516.3
68507.1
56044.3
58017.2
60550
63584
67345.2
71695.6
76030.7
79422.2
81205.7
81371.8
80442.7
78980.4
77394.8
75889.1
74555
73413.9
72457.6
71667.1
71018.3
70491.6
70066.5
69727.3
69458.9
69248.1
69083.4
68955.5
68856.5
68780
68721.3
68676.4
68642.1
68616.4
68597.2
68583.5
68573.4
68567.7
68562.4
68561.5
68553.6
55086.9
53987.3
53806.5
53330.5
53064
52911.6
52981.6
53294.5
53826.3
54566.9
55507.4
56632.7
57911
59292.8
60716
62099.5
63382.2
64510.2
65460.4
66243.5
66863.6
67341.4
67698.8
67959.5
68145.1
68274.5
68363
68422.1
68460.8
68485.5
68500.7
68509.7
68514.7
68517.4
68518.5
68518.9
68518.6
68518.9
68517.1
68518.6
68509.4
57351.5
59544.3
62361.6
65731.1
69830.7
74399.7
78613.4
81501.3
82578.3
82134.3
80792.6
79121
77436.7
75897.6
74555
73413.3
72457.6
71664.7
71014.5
70485.1
70059.3
69720.3
69452.6
69242.6
69078.9
68951.8
68853.5
68777.7
68719.5
68675
68641
68615.5
68596.5
68582.9
68572.9
68567.2
68561.9
68561
68553
56314.2
55086.9
54872.2
54335.2
54017.7
53820.9
53858.2
54146.6
54656.9
55380
56299.1
57392.9
58626.5
59957.6
61318.1
62640.4
63851
64905.1
65798
66520.9
67087.9
67518.6
67836.4
68064.6
68224.6
68334.3
68407.7
68455.5
68485.8
68504.1
68514.6
68520.2
68522.6
68523.4
68523.2
68522.8
68521.9
68521.7
68519.7
68521
68511.6
58819.5
61267.8
64421.5
68150.4
72609.3
77293.5
81205.2
83404.4
83722.6
82693.7
81029.6
79197.9
77454.7
75897.6
74551.7
73410.1
72451.8
71657.3
71004
70474
70048.8
69710.9
69444.5
69236
69073.6
68947.6
68850.2
68775.1
68717.5
68673.4
68639.8
68614.6
68595.7
68582.2
68572.2
68566.7
68561.3
68560.4
68552.3
57690.3
56314.2
56044.3
55440
55071.4
54823.1
54823.4
55086.6
55575
56277.6
57174.1
58235.5
59427.4
60699.9
61994.6
63233.6
64356.2
65338.6
66156.5
66812.5
67319.8
67699.7
67975.1
68169.9
68303.8
68393.5
68451.8
68488.3
68510
68522
68527.9
68530
68530.1
68529.3
68527.9
68526.7
68525.1
68524.5
68522.1
68523.3
68513.8
60475.9
63231.7
66772.1
70908.3
75678.3
80324.3
83695.1
85053.8
84594
83083.2
81164.8
79232.4
77454.7
75889.1
74542.2
73397.7
72438
71640.2
70986.8
70458
70034.7
69699
69434.8
69228.2
69067.4
68942.7
68846.4
68772.2
68715.2
68671.7
68638.4
68613.5
68594.8
68581.5
68571.6
68566.1
68560.7
68559.8
68551.6
59241.8
57690.3
57351.5
56657.5
56231
55931.2
55885.9
56118.7
56584.1
57264.1
58132.7
59159.3
60301.6
61514.2
62723.9
63866.2
64903.9
65796.7
66532.3
67113.6
67556.4
67882
68113.9
68274.5
68382
68451.8
68494.8
68519.9
68533.3
68539
68540.4
68539.6
68537.6
68535.1
68532.5
68530.4
68528.2
68527.2
68524.5
68525.5
68516
62363.4
65484.1
69476.9
74026
79011.9
83379.1
85961.2
86364.3
85216.3
83312.8
81227.2
79232.4
77436.7
75867.9
74517.8
73372.7
72410
71613.3
70962.4
70436.9
70017.1
69684.6
69423.3
69219.1
69060.3
68937.3
68842.2
68769
68712.8
68669.7
68637
68612.3
68593.9
68580.7
68570.9
68565.4
68560.1
68559.2
68550.9
61012.6
59241.8
58819.5
58017.2
57511.7
57150.8
57059.7
57254.2
57689.3
58342.1
59178.4
60159.1
61248.8
62381.6
63493.4
64543.3
65479.4
66274.6
66918.9
67420.3
67794.7
68064.4
68251.7
68377.9
68458.9
68508.1
68536.1
68550.1
68555.2
68555.3
68552.9
68549.1
68544.8
68540.8
68537
68534
68531.2
68529.8
68526.9
68527.6
68518.1
64530.5
68081
72572.5
77519.4
82531.3
86307.2
87846.3
87331.3
85594.7
83421.1
81227.2
79197.9
77394.8
75822.5
74473.8
73327
72367.7
71575.9
70930.6
70410.6
69995.8
69667.7
69410
69208.8
69052.3
68931.1
68837.5
68765.4
68710
68667.7
68635.3
68611.1
68592.8
68579.8
68570.1
68564.7
68559.4
68558.5
68550.1
63052.9
61012.6
60475.9
59544.3
58943.1
58498.4
58354.3
58499.1
58903.6
59516.1
60309.5
61240.4
62254.8
63292.5
64310.4
65251.2
66076.8
66764.6
67312.3
67729.2
68032.4
68245.2
68387.7
68478.5
68532.7
68562.2
68575.3
68578.5
68576.5
68571.4
68565
68558.3
68551.9
68546.2
68541.2
68537.5
68534.1
68532.3
68529.2
68529.7
68520.2
67043.5
71081.3
76099.2
81343.8
86065.8
88882.1
89291.2
87934.5
85775.7
83421.1
81164.8
79121
77313.8
75746.8
74399.2
73260.1
72309.8
71527.5
70891.1
70378.9
69970.8
69648.1
69394.8
69197.1
69043.4
68924.3
68832.3
68761.5
68707
68665.4
68633.6
68609.7
68591.7
68578.9
68569.3
68563.9
68558.7
68557.7
68549.3
65427.5
63052.9
62363.4
61267.8
60550
60002.9
59783.7
59876.5
60228.8
60797.5
61532
62387.9
63313.3
64257.3
65162.8
65983.9
66688.3
67262.4
67707.7
68036.5
68267.7
68421.9
68518.6
68575
68602.9
68613
68612.7
68606.7
68597.4
68587.1
68576.7
68567.1
68558.6
68551.4
68545.3
68540.8
68536.9
68534.7
68531.4
68531.8
68522.2
69973.4
74608.9
80079.6
85353.5
89405.1
90931.5
90222.7
88227.7
85775.7
83312.8
81029.6
78980.4
77185.5
75625.5
74293.3
73170.4
72235.9
71467.8
70843.6
70341.6
69941.7
69625.7
69377.6
69184
69033.4
68916.8
68826.6
68757.2
68703.7
68662.9
68631.6
68608.2
68590.5
68577.9
68568.4
68563.1
68557.9
68556.9
68548.4
68231
65427.5
64530.5
63231.7
62361.6
61689
61374.6
61392.9
61684.3
62180.9
62833.8
63608.2
64436
65266.4
66045.3
66733.3
67307.9
67761.7
68100
68337.6
68494.6
68591.4
68643.1
68665.5
68669.3
68662.6
68649.7
68634.1
68617.8
68602.1
68587.9
68575.5
68565
68556.4
68549.3
68544
68539.5
68537
68533.5
68533.7
68524.1
73324.5
78654.8
84410.2
89358.6
92123.3
92319.8
90683.4
88227.7
85594.7
83083.2
80792.6
78766.5
76989.5
75457.9
74153.8
73057
72145.3
71396.3
70787.8
70298.4
69908.5
69600.4
69358.4
69169.4
69022.4
68908.5
68820.4
68752.4
68700.2
68660.1
68629.5
68606.5
68589.2
68576.8
68567.4
68562.1
68557
68556.1
68547.4
71597.5
68231
67043.5
65484.1
64421.5
63584
63151
63070.7
63271.7
63669.6
64237.7
64905.9
65616.9
66312.9
66948
67491.4
67926.2
68251.2
68478.7
68626.1
68710.3
68750.4
68760.8
68753.6
68735.1
68711.2
68685.6
68660.5
68637.2
68616.5
68598.6
68583.6
68571.1
68561.1
68553
68547
68542.1
68539.2
68535.6
68535.7
68526
77338.3
83227.4
88912.1
92800.9
94053
93016.2
90683.4
87934.5
85216.3
82693.7
80442.7
78453
76725.5
75241.1
73979.7
72919.1
72037.4
71312.6
70723.2
70249
69870.9
69571.9
69336.9
69153.2
69010.3
68899.3
68813.5
68747.3
68696.3
68657.2
68627.3
68604.7
68587.7
68575.6
68566.3
68561.2
68556.1
68555.1
68546.4
75592.5
71597.5
69973.4
68081
66772.1
65731.1
65132.7
64911.1
64995.2
65288.1
65737.4
66275.2
66840.9
67381.4
67854.3
68238.2
68525.7
68719.5
68838.3
68897.8
68915.4
68905.5
68877.3
68839.8
68798.9
68758.1
68719.9
68685.6
68655.7
68630.1
68608.8
68591.2
68576.9
68565.6
68556.5
68549.9
68544.5
68541.4
68537.5
68537.5
68527.9
81966.5
88064.6
93057.9
95311.6
95078.8
93016.2
90222.7
87331.3
84594
82134.3
79948.5
78041.2
76390.9
74974.3
73769.7
72755.7
71911.1
71215.8
70649.5
70193.1
69828.7
69540.1
69313.1
69135.4
68996.9
68889.4
68806.1
68741.7
68692.1
68654
68624.8
68602.8
68586.2
68574.3
68565.2
68560.1
68555.1
68554.2
68545.3
80283
75592.5
73324.5
71081.3
69476.9
68150.4
67345.2
66953.5
66884.8
67028.8
67319.3
67693.5
68085.5
68444.6
68740.2
68957.5
69095.9
69165.8
69185.5
69164.9
69117.8
69056.8
68989.9
68922.9
68859.7
68802.6
68752.5
68709.4
68673.2
68643.1
68618.4
68598.4
68582.4
68569.8
68559.9
68552.7
68546.8
68543.4
68539.4
68539.3
68529.7
87098.4
92925.8
96092.7
96746.9
95078.8
92319.8
89291.2
86364.3
83722.6
81371.8
79316.7
77528.2
75983.2
74655
73522.5
72565.6
71765.9
71105.5
70566.1
70130.4
69781.6
69504.9
69286.8
69115.8
68982.3
68878.5
68797.9
68735.6
68687.5
68650.5
68622.2
68600.7
68584.5
68573
68564
68559
68554
68553.1
68544.2
85669.2
80283
77338.3
74608.9
72572.5
70908.3
69830.7
69216.9
68932.8
68887.7
68983.5
69152.5
69339.6
69499.7
69611.5
69664.9
69660.3
69609.6
69525.9
69423.8
69313.2
69202.4
69097.2
69001.6
68917.4
68844.6
68783.1
68732
68689.7
68655.3
68627.5
68605.2
68587.6
68573.9
68563.1
68555.3
68549
68545.3
68541.2
68540.9
68531.4
92471.8
96461.9
97943.1
96746.9
94053
90931.5
87846.3
85053.8
82578.3
80423.3
78547.5
76916.6
75503.8
74283.6
73236.8
72347.9
71600.9
70981
70472.5
70060.3
69729.4
69466
69257.9
69094.3
68966.4
68866.7
68789.1
68729
68682.5
68646.8
68619.3
68598.5
68582.7
68571.5
68562.7
68557.8
68552.9
68552
68543
91617.5
85669.2
81966.5
78654.8
76099.2
74026
72609.3
71695.6
71156.9
70855.1
70713.3
70650.9
70612.9
70562.1
70479.7
70359.1
70208.1
70036.6
69854.5
69672.6
69498.9
69339.9
69198.5
69075.8
68971.4
68884.3
68812.1
68753.1
68705.3
68666.8
68636
68611.7
68592.5
68577.7
68566.1
68557.8
68551.1
68547.2
68543
68542.6
68533
96518.6
98776.1
97943.1
95311.6
92123.3
88882.1
85961.2
83404.4
81205.7
79305.4
77653.1
76213.2
74956.1
73860.2
72912.4
72101.8
71415.1
70841.6
70368.2
69982.7
69671.7
69423.3
69226.2
69070.9
68949.1
68853.8
68779.6
68721.9
68677.2
68642.7
68616.2
68596.1
68580.8
68569.9
68561.4
68556.5
68551.7
68550.9
68541.7
96142.1
91617.5
87098.4
83227.4
80079.6
77519.4
75678.3
74399.7
73526.9
72928.8
72499
72167.6
71882
71607
71326.6
71035.9
70739.4
70446.7
70166.2
69906.7
69673.5
69469
69293
69145.3
69022.3
68921.2
68839.2
68772.9
68719.9
68677.6
68644.1
68617.7
68597.1
68581.3
68568.9
68560.1
68553.1
68549
68544.6
68544.1
68534.7
99337
98776.1
96092.7
92800.9
89405.1
86307.2
83695.1
81501.3
79639.3
78041.3
76650.2
75423.6
74341.7
73385.9
72550.9
71826.9
71207.9
70686.7
70252.9
69897.1
69608.3
69376.4
69191.7
69045.5
68930.3
68839.9
68769.3
68714.3
68671.5
68638.4
68612.9
68593.5
68578.7
68568.2
68559.9
68555.2
68550.4
68549.7
68540.4
99603.7
96142.1
92471.8
88064.6
84410.2
81343.8
79011.9
77293.5
76030.7
75073
74321.6
73697.5
73146.6
72634.9
72149.1
71684
71242.7
70831.9
70458.2
70126.1
69835.7
69589.1
69381.8
69209.9
69069.6
68955.9
68864.5
68791.5
68733.5
68687.7
68651.6
68623.4
68601.4
68584.6
68571.6
68562.4
68554.9
68550.7
68546.2
68545.6
68536.2
99337
96461.9
93057.9
89358.6
86065.8
83379.1
81205.2
79422.2
77935
76662.9
75548.4
74554.8
73664.2
72864.3
72150.9
71523
70979.8
70515.8
70125.9
69803.2
69539
69325.4
69154.2
69017.8
68910
68825
68758.2
68706
68665.3
68633.7
68609.3
68590.7
68576.5
68566.4
68558.3
68553.8
68549.1
68548.4
68539.1
99603.7
96518.6
92925.8
88912.1
85353.5
82531.3
80324.3
78613.4
77257.3
76147.3
75203.6
74373
73621.2
72931.1
72294.5
71713.9
71192.1
70729.3
70328.7
69987.2
69700.5
69463.6
69270.1
69113.5
68988
68888
68808.8
68746.3
68697.2
68658.7
68628.8
68605.5
68587.8
68574.1
68564.4
68556.7
68552.3
68547.7
68547
68537.7
)
;

boundaryField
{
    front
    {
        type            empty;
    }
    back
    {
        type            empty;
    }
    airfoil
    {
        type            zeroGradient;
    }
    freestream
    {
        type            totalPressure;
        rho             none;
        psi             thermo:psi;
        gamma           1.4;
        p0              uniform 100000;
        value           nonuniform List<scalar> 
168
(
68520.6
68506.4
68496.5
68486.8
68477.5
68469.4
68463.1
68458.3
68455.8
68454.7
68454.7
68456.2
68458.8
68462.4
68466.6
68471.2
68476
68480.8
68485.4
68489.8
68493.9
68497.6
68500.8
68503.7
68506.2
68508.6
68510.9
68513.2
68515.5
68517.7
68519.9
68522
68524.1
68526.1
68528.1
68530
68531.9
68533.7
68535.4
68537.1
68538.7
68540.3
68541.8
68543.2
68544.5
68545.8
68547.1
68548.3
68549.4
68550.5
68551.5
68552.4
68553.3
68554.2
68555
68555.7
68556.4
68557.1
68557.6
68558.2
68558.7
68559.2
68559.6
68560
68560.3
68560.7
68561
68561.2
68561.5
68561.7
68562
68562.2
68562.4
68562.7
68562.9
68563.1
68563.3
68563.5
68563.7
68563.9
68564
68564.1
68564.2
68564.3
68564.3
68564.2
68564.1
68564
68563.9
68563.7
68563.5
68563.3
68563.1
68562.9
68562.7
68562.4
68562.2
68562
68561.7
68561.5
68561.2
68561
68560.7
68560.3
68560
68559.6
68559.2
68558.7
68558.2
68557.6
68557.1
68556.4
68555.7
68555
68554.2
68553.3
68552.4
68551.5
68550.5
68549.4
68548.3
68547.1
68545.8
68544.5
68543.2
68541.8
68540.3
68538.7
68537.1
68535.4
68533.7
68531.9
68530
68528.1
68526.1
68524.1
68522
68519.9
68517.7
68515.5
68513.2
68510.9
68508.6
68506.2
68503.7
68500.8
68497.6
68493.9
68489.8
68485.4
68480.8
68476
68471.2
68466.6
68462.4
68458.8
68456.2
68454.7
68454.7
68455.8
68458.3
68463.1
68469.4
68477.5
68486.8
68496.5
68506.4
68520.6
)
;
    }
    outlet
    {
        type            fixedValue;
        value           uniform 68532;
    }
}


// ************************************************************************* //
