/*--------------------------------*- C++ -*----------------------------------*\
| =========                 |                                                 |
| \\      /  F ield         | OpenFOAM: The Open Source CFD Toolbox           |
|  \\    /   O peration     | Version:  v2012                                 |
|   \\  /    A nd           | Website:  www.openfoam.com                      |
|    \\/     M anipulation  |                                                 |
\*---------------------------------------------------------------------------*/
FoamFile
{
    version     2.0;
    format      ascii;
    class       volScalarField;
    location    "1.571934130073674";
    object      rho;
}
// * * * * * * * * * * * * * * * * * * * * * * * * * * * * * * * * * * * * * //

dimensions      [1 -3 0 0 0 0 0];


internalField   nonuniform List<scalar> 
6720
(
0.906702
0.906859
0.906901
0.906767
0.906902
0.906761
0.906761
0.906905
0.906772
0.906681
0.906748
0.906901
0.906751
0.906686
0.906587
0.90675
0.9069
0.906745
0.906665
0.906594
0.906507
0.906764
0.906901
0.906735
0.906657
0.906563
0.906514
0.906442
0.906788
0.906905
0.906734
0.906643
0.906546
0.906474
0.906448
0.906391
0.906821
0.906914
0.906737
0.906636
0.90652
0.906449
0.906399
0.906397
0.90636
0.906863
0.906929
0.906749
0.906634
0.906502
0.906411
0.906363
0.906341
0.906363
0.90634
0.90691
0.906949
0.906771
0.906643
0.906489
0.90638
0.906311
0.906294
0.906301
0.906345
0.906333
0.906964
0.906974
0.906805
0.906665
0.906489
0.906354
0.906262
0.906224
0.90624
0.906277
0.906346
0.906343
0.907021
0.907004
0.906849
0.906702
0.906506
0.906343
0.906216
0.906156
0.906156
0.906206
0.906271
0.906359
0.906363
0.907078
0.907038
0.906904
0.906753
0.906543
0.90635
0.906184
0.906086
0.906066
0.906106
0.906191
0.906279
0.90638
0.906393
0.907134
0.907076
0.906971
0.906819
0.906601
0.906381
0.906172
0.906029
0.905969
0.905993
0.906077
0.906193
0.9063
0.906409
0.906428
0.907194
0.907114
0.907039
0.906896
0.90668
0.906439
0.906189
0.905992
0.90588
0.905869
0.905944
0.906068
0.90621
0.906333
0.906447
0.906467
0.907253
0.907153
0.907111
0.906984
0.906781
0.906525
0.906238
0.905986
0.905808
0.905744
0.90579
0.905918
0.906078
0.90624
0.906371
0.90649
0.906508
0.907312
0.907193
0.907184
0.907079
0.906897
0.906637
0.906324
0.906017
0.905768
0.905632
0.90563
0.905739
0.905914
0.906104
0.90628
0.906415
0.906536
0.90655
0.907369
0.907231
0.907255
0.907178
0.907022
0.906773
0.906446
0.906093
0.905769
0.905548
0.905471
0.90554
0.905714
0.905931
0.906143
0.906328
0.906462
0.906582
0.906591
0.907422
0.907264
0.907322
0.907277
0.907154
0.906927
0.906604
0.906216
0.905823
0.905508
0.905335
0.905335
0.905482
0.905714
0.905966
0.906192
0.906381
0.90651
0.906628
0.906631
0.90747
0.907293
0.907386
0.907373
0.907289
0.907094
0.906789
0.906385
0.905934
0.905525
0.905239
0.905139
0.905229
0.905455
0.905738
0.906015
0.906249
0.906435
0.906558
0.906671
0.906667
0.907511
0.90732
0.907448
0.907463
0.907421
0.907268
0.906993
0.906594
0.906105
0.90561
0.905204
0.904977
0.904973
0.905159
0.905459
0.905782
0.906074
0.906309
0.906489
0.906605
0.906711
0.906701
0.907546
0.907344
0.907504
0.907546
0.907549
0.907443
0.907211
0.906835
0.906334
0.905771
0.905246
0.904874
0.904735
0.904843
0.905127
0.905489
0.905841
0.90614
0.90637
0.906542
0.906648
0.906748
0.906731
0.907575
0.907365
0.907554
0.907621
0.907668
0.907611
0.907433
0.9071
0.906612
0.906006
0.905376
0.904853
0.904549
0.904528
0.904754
0.90513
0.905541
0.90591
0.906209
0.906429
0.906591
0.906688
0.90678
0.906758
0.9076
0.907383
0.907599
0.907687
0.907776
0.907771
0.907652
0.907377
0.906925
0.90631
0.9056
0.904934
0.904445
0.904248
0.904364
0.904711
0.905164
0.90561
0.905987
0.906279
0.906486
0.906636
0.906723
0.906809
0.906781
0.907619
0.907398
0.907638
0.907746
0.907874
0.907918
0.907862
0.907655
0.907261
0.906668
0.90592
0.905128
0.904452
0.904042
0.903985
0.904249
0.904709
0.905223
0.90569
0.906065
0.906345
0.906539
0.906677
0.906754
0.906834
0.906803
0.907634
0.907409
0.90767
0.907796
0.90796
0.908049
0.908057
0.907926
0.907607
0.907067
0.906317
0.905439
0.904589
0.90395
0.903663
0.903772
0.904184
0.904743
0.905301
0.905776
0.906142
0.906407
0.906586
0.906712
0.906781
0.906857
0.906825
0.907643
0.907418
0.907697
0.907839
0.908035
0.908166
0.908235
0.908181
0.90795
0.90749
0.906778
0.905863
0.904869
0.904003
0.903449
0.903327
0.903618
0.904169
0.904805
0.90539
0.905864
0.906216
0.906464
0.906628
0.906744
0.906807
0.906881
0.906847
0.907647
0.907424
0.907718
0.907874
0.908098
0.908266
0.908394
0.908415
0.90828
0.907918
0.907282
0.906375
0.905294
0.904223
0.903387
0.902973
0.903049
0.903522
0.904196
0.904889
0.905486
0.905949
0.906283
0.906513
0.906665
0.906774
0.906833
0.906904
0.906869
0.907646
0.907427
0.907733
0.907901
0.908151
0.908352
0.908532
0.908625
0.908586
0.908337
0.907806
0.906959
0.905846
0.904616
0.903513
0.902768
0.90254
0.902837
0.903481
0.904256
0.904986
0.905582
0.90603
0.906343
0.906559
0.906701
0.906804
0.906859
0.906928
0.90689
0.90764
0.907426
0.907744
0.907922
0.908193
0.908424
0.90865
0.90881
0.908864
0.908733
0.90833
0.907589
0.906503
0.905185
0.903845
0.902765
0.902171
0.902178
0.902694
0.90349
0.904341
0.905087
0.905675
0.906102
0.906399
0.906602
0.906738
0.906834
0.906885
0.90695
0.906911
0.90763
0.907421
0.907748
0.907935
0.908226
0.908482
0.908749
0.908968
0.90911
0.909098
0.908837
0.908235
0.907239
0.905897
0.90439
0.902995
0.902007
0.901626
0.901888
0.902615
0.903538
0.90444
0.905191
0.90576
0.90617
0.906453
0.906646
0.906773
0.906864
0.90691
0.906973
0.906932
0.907616
0.907412
0.907748
0.907942
0.908249
0.908527
0.908829
0.909102
0.909323
0.909423
0.909309
0.908873
0.908018
0.906728
0.905134
0.903478
0.902097
0.901269
0.901147
0.901675
0.902592
0.903615
0.904546
0.905288
0.905843
0.906237
0.906507
0.90669
0.906808
0.906893
0.906935
0.906995
0.906952
0.907594
0.9074
0.907742
0.907943
0.908263
0.908559
0.908892
0.909211
0.909504
0.909707
0.909739
0.909481
0.908806
0.907644
0.906038
0.904214
0.902476
0.901181
0.900585
0.900755
0.901537
0.902612
0.90371
0.904648
0.905385
0.905925
0.906304
0.906561
0.906733
0.906843
0.906921
0.906959
0.907017
0.906972
0.907563
0.907381
0.907731
0.907938
0.908269
0.908582
0.908939
0.909297
0.909652
0.909949
0.910118
0.910041
0.909576
0.9086
0.907082
0.905169
0.903152
0.901411
0.900284
0.899967
0.90045
0.901463
0.902667
0.903809
0.904757
0.905483
0.906009
0.906373
0.906615
0.906776
0.906877
0.906948
0.906983
0.907038
0.906992
0.907513
0.907345
0.907714
0.907927
0.908267
0.908593
0.908973
0.909363
0.909771
0.910151
0.910444
0.910544
0.910302
0.909557
0.90821
0.906308
0.904116
0.901985
0.900326
0.899438
0.899452
0.900227
0.901444
0.90274
0.903923
0.904871
0.905586
0.906094
0.906441
0.906669
0.906818
0.90691
0.906976
0.907007
0.907058
0.907011
0.907423
0.907282
0.907687
0.90791
0.908258
0.908595
0.908993
0.90941
0.909863
0.910313
0.910717
0.910982
0.910965
0.910483
0.909374
0.907599
0.905322
0.902905
0.90075
0.899256
0.898678
0.899029
0.900083
0.901458
0.902842
0.904044
0.904992
0.905692
0.906181
0.906509
0.906722
0.906859
0.906942
0.907002
0.907029
0.907078
0.907029
0.90716
0.907186
0.907633
0.90788
0.908242
0.908589
0.909001
0.909441
0.909929
0.910439
0.910939
0.911351
0.911549
0.911345
0.910531
0.908978
0.906743
0.904133
0.901567
0.899488
0.898243
0.898003
0.898702
0.899992
0.90152
0.902965
0.90418
0.905119
0.9058
0.906268
0.906577
0.906774
0.906899
0.906973
0.907028
0.907052
0.907097
0.907047
0.906559
0.906925
0.907549
0.907824
0.908213
0.908574
0.908998
0.909457
0.909974
0.910533
0.911114
0.911656
0.91205
0.912125
0.911641
0.910389
0.908324
0.905637
0.902771
0.900161
0.898246
0.897315
0.897453
0.898452
0.899975
0.90161
0.903106
0.904326
0.905252
0.90591
0.906354
0.906644
0.906826
0.906939
0.907004
0.907054
0.907073
0.907116
0.907064
0.903026
0.906338
0.907263
0.907738
0.908157
0.908545
0.908985
0.909459
0.910002
0.910599
0.911246
0.911898
0.912469
0.912804
0.912665
0.911783
0.909995
0.907385
0.90431
0.901274
0.898731
0.897067
0.896506
0.896999
0.898298
0.900001
0.90173
0.903262
0.904481
0.905389
0.906021
0.906441
0.90671
0.906876
0.906976
0.907035
0.907078
0.907094
0.907134
0.907081
0.902808
0.903026
0.906657
0.90745
0.908065
0.908487
0.908957
0.90945
0.910012
0.910642
0.911341
0.912084
0.912806
0.913377
0.91358
0.91311
0.911696
0.909297
0.906159
0.902789
0.899707
0.897331
0.895991
0.895797
0.896655
0.898205
0.900069
0.901876
0.90343
0.904645
0.905528
0.906132
0.906527
0.906775
0.906925
0.907013
0.907064
0.907102
0.907114
0.907151
0.907097
0.903085
0.902808
0.906559
0.90685
0.907769
0.908391
0.908897
0.909423
0.910007
0.910661
0.911404
0.912219
0.913067
0.913846
0.914368
0.91433
0.913373
0.911309
0.90827
0.904688
0.901148
0.898133
0.896009
0.895035
0.895225
0.89638
0.898159
0.900167
0.902051
0.903617
0.904816
0.90567
0.906244
0.906612
0.906839
0.906972
0.907049
0.907092
0.907125
0.907134
0.907168
0.907113
0.903252
0.903085
0.906338
0.90716
0.907161
0.908089
0.908795
0.909362
0.909981
0.910663
0.911439
0.912312
0.913261
0.914215
0.91502
0.915403
0.914962
0.913359
0.910558
0.906924
0.903024
0.899448
0.896604
0.894811
0.894208
0.894723
0.896157
0.898164
0.900303
0.902246
0.903816
0.904993
0.905814
0.906355
0.906696
0.906901
0.907017
0.907084
0.907119
0.907147
0.907152
0.907184
0.907128
0.90353
0.903252
0.906658
0.906925
0.907423
0.907479
0.908488
0.909255
0.909918
0.910639
0.911449
0.912369
0.913397
0.914493
0.915544
0.916313
0.916417
0.915379
0.912974
0.909431
0.905313
0.901246
0.897756
0.895189
0.893719
0.893421
0.894263
0.895991
0.89822
0.900476
0.902462
0.904027
0.905175
0.905958
0.906465
0.906778
0.906961
0.907061
0.907119
0.907146
0.907168
0.90717
0.907199
0.907142
0.903814
0.90353
0.90685
0.907263
0.907186
0.907513
0.907874
0.908941
0.909808
0.910576
0.911431
0.912391
0.913485
0.914693
0.915945
0.917057
0.917683
0.917292
0.915441
0.912154
0.907948
0.903513
0.899431
0.896161
0.893858
0.892672
0.892682
0.893856
0.895887
0.898325
0.900688
0.902696
0.904249
0.90536
0.906103
0.906574
0.906859
0.907018
0.907105
0.907151
0.907171
0.907188
0.907187
0.907214
0.907156
0.904171
0.903814
0.907161
0.90745
0.907549
0.907282
0.907563
0.908326
0.909485
0.910464
0.911366
0.91238
0.913526
0.914824
0.916238
0.91764
0.91874
0.919037
0.917883
0.915039
0.910893
0.906199
0.901615
0.897694
0.894622
0.892543
0.891625
0.891991
0.893514
0.89585
0.898477
0.900932
0.902953
0.90448
0.905547
0.906247
0.906682
0.906936
0.907074
0.907147
0.907183
0.907195
0.907207
0.907203
0.907228
0.90717
0.904581
0.90417
0.907479
0.907769
0.907738
0.907633
0.907345
0.907594
0.90887
0.910129
0.911252
0.912315
0.913527
0.914895
0.916436
0.918073
0.91959
0.92054
0.920202
0.91801
0.914104
0.909259
0.904269
0.899754
0.895978
0.89306
0.891199
0.89061
0.891347
0.893244
0.895883
0.898681
0.901209
0.903226
0.904717
0.905735
0.906389
0.906787
0.907011
0.907129
0.907187
0.907213
0.907218
0.907225
0.907219
0.907241
0.907182
0.90508
0.904581
0.907874
0.908089
0.908065
0.907824
0.907687
0.907381
0.907616
0.909519
0.910904
0.912201
0.913464
0.914915
0.91655
0.918372
0.920236
0.921778
0.922321
0.920979
0.917533
0.912675
0.907347
0.902322
0.897858
0.894202
0.891441
0.889848
0.889598
0.890768
0.893055
0.895988
0.898938
0.901504
0.903515
0.904959
0.905923
0.90653
0.906889
0.907082
0.907183
0.907226
0.907242
0.907239
0.907243
0.907234
0.907254
0.907195
0.905677
0.905079
0.908326
0.908488
0.908391
0.908157
0.90788
0.907714
0.9074
0.90763
0.910305
0.91183
0.91335
0.914856
0.916598
0.918555
0.920694
0.92275
0.924132
0.923828
0.921116
0.916423
0.910837
0.905347
0.900273
0.895895
0.892324
0.889778
0.888497
0.888665
0.890267
0.892955
0.896157
0.899243
0.901836
0.903816
0.905204
0.906111
0.906668
0.906988
0.907152
0.907234
0.907263
0.907269
0.90726
0.90726
0.907248
0.907266
0.907206
0.906403
0.905676
0.90887
0.908941
0.908795
0.908487
0.908213
0.90791
0.907731
0.907412
0.90764
0.911259
0.912967
0.914744
0.91655
0.918646
0.920986
0.92346
0.925596
0.926444
0.924753
0.920472
0.914724
0.908811
0.903163
0.898091
0.893797
0.890374
0.888085
0.887176
0.887794
0.889857
0.89295
0.896393
0.899593
0.902191
0.904127
0.905451
0.906297
0.906804
0.907081
0.907221
0.907283
0.907298
0.907295
0.90728
0.907276
0.907261
0.907278
0.907217
0.907285
0.906403
0.909519
0.909485
0.909255
0.908897
0.908545
0.908242
0.907927
0.907742
0.907421
0.907646
0.912421
0.91435
0.916444
0.91862
0.921147
0.923931
0.926712
0.928675
0.92831
0.924783
0.919018
0.912712
0.90649
0.900779
0.895772
0.891562
0.888361
0.88638
0.88587
0.886997
0.88955
0.893041
0.896705
0.899978
0.902567
0.904444
0.905698
0.90648
0.906935
0.907172
0.907288
0.90733
0.907331
0.90732
0.907299
0.907291
0.907274
0.907289
0.907228
0.908359
0.907284
0.910305
0.910129
0.909809
0.909362
0.908957
0.908574
0.908258
0.907938
0.907748
0.907426
0.907647
0.913825
0.916041
0.918522
0.921158
0.924211
0.927486
0.930437
0.931614
0.929263
0.923723
0.917059
0.910245
0.903895
0.898205
0.893286
0.889252
0.886299
0.884674
0.884633
0.886295
0.889359
0.893226
0.897084
0.900401
0.902961
0.904767
0.905943
0.90666
0.907061
0.907262
0.907351
0.907375
0.907363
0.907343
0.907316
0.907305
0.907286
0.907299
0.907238
0.909672
0.908359
0.91126
0.910904
0.910464
0.909918
0.909423
0.908985
0.908589
0.908267
0.907943
0.907748
0.907427
0.907643
0.915511
0.918115
0.921078
0.924287
0.927972
0.93173
0.934462
0.933779
0.928839
0.921893
0.914429
0.907408
0.90105
0.895451
0.890663
0.886851
0.884205
0.882991
0.883483
0.885705
0.889293
0.8935
0.897527
0.900863
0.903371
0.905091
0.906187
0.906836
0.90718
0.907348
0.907412
0.907417
0.907393
0.907365
0.907333
0.907318
0.907297
0.907309
0.907248
0.91128
0.909671
0.912421
0.911829
0.911252
0.910576
0.909981
0.90945
0.908998
0.908595
0.908269
0.907942
0.907744
0.907424
0.907634
0.917577
0.920671
0.924245
0.928166
0.932594
0.936655
0.938069
0.934333
0.927256
0.919068
0.9113
0.904259
0.897985
0.89251
0.88794
0.884393
0.882094
0.881355
0.882419
0.885244
0.889359
0.893877
0.898028
0.901354
0.90379
0.905417
0.906427
0.907005
0.907298
0.907432
0.907469
0.907457
0.907422
0.907386
0.907348
0.907331
0.907308
0.907318
0.907257
0.913262
0.91128
0.913825
0.912967
0.912201
0.911366
0.910639
0.910007
0.909459
0.909001
0.908593
0.908263
0.907935
0.907733
0.907418
0.907619
0.920108
0.923841
0.928191
0.933029
0.938208
0.941917
0.940088
0.933209
0.924145
0.915558
0.907775
0.900828
0.894706
0.889455
0.885123
0.881883
0.879985
0.879753
0.881468
0.884929
0.889555
0.894347
0.898569
0.901872
0.904215
0.90574
0.906663
0.907167
0.907412
0.907512
0.907524
0.907496
0.907449
0.907406
0.907363
0.907343
0.907318
0.907327
0.907265
0.915714
0.913262
0.915511
0.91435
0.91335
0.912315
0.911431
0.910663
0.910012
0.909457
0.908993
0.908582
0.908249
0.907922
0.907718
0.907409
0.9076
0.923241
0.927804
0.933183
0.939129
0.94492
0.94584
0.939869
0.929693
0.920128
0.911536
0.903898
0.897156
0.891286
0.886275
0.882235
0.879344
0.877898
0.878271
0.880652
0.884778
0.889872
0.894912
0.899171
0.902411
0.904644
0.906061
0.906892
0.907321
0.907523
0.907587
0.907576
0.907532
0.907474
0.907424
0.907377
0.907354
0.907327
0.907335
0.907273
0.918775
0.915714
0.917577
0.916041
0.914744
0.913464
0.91238
0.911449
0.910661
0.910002
0.909441
0.908973
0.908559
0.908226
0.907901
0.907697
0.907398
0.907575
0.927146
0.932859
0.939536
0.946968
0.951238
0.947429
0.935655
0.924967
0.915459
0.907091
0.899757
0.893325
0.887727
0.883011
0.879291
0.87679
0.875869
0.876895
0.879998
0.884804
0.890329
0.895556
0.899815
0.902965
0.905074
0.906377
0.907112
0.907473
0.907629
0.90766
0.907625
0.907565
0.907498
0.907442
0.90739
0.907365
0.907336
0.907342
0.907281
0.922628
0.918774
0.920108
0.918115
0.916444
0.914856
0.913527
0.912391
0.911439
0.910642
0.909974
0.90941
0.908939
0.908527
0.908193
0.907874
0.90767
0.907383
0.907546
0.932176
0.939313
0.948256
0.955474
0.956089
0.941842
0.929891
0.919397
0.910304
0.90241
0.895458
0.889352
0.884072
0.879671
0.876307
0.874246
0.873881
0.875649
0.879526
0.885007
0.890916
0.89626
0.900496
0.903528
0.905501
0.906687
0.907319
0.907621
0.90773
0.907728
0.907672
0.907597
0.90752
0.907458
0.907402
0.907375
0.907344
0.907349
0.907287
0.927642
0.922628
0.923242
0.920671
0.918522
0.91655
0.914914
0.913526
0.912369
0.911404
0.910599
0.909929
0.909363
0.908892
0.908482
0.908151
0.907839
0.907638
0.907365
0.907511
0.938669
0.948671
0.958252
0.965707
0.947817
0.934679
0.923128
0.913392
0.904973
0.89756
0.891023
0.885283
0.880334
0.876278
0.873301
0.871726
0.872023
0.874564
0.879263
0.885375
0.891634
0.897043
0.901207
0.904096
0.905925
0.906985
0.907521
0.907763
0.907826
0.907792
0.907715
0.907627
0.907541
0.907473
0.907414
0.907384
0.907352
0.907356
0.907294
0.93394
0.927642
0.927146
0.92384
0.921078
0.91862
0.916598
0.914895
0.913485
0.912312
0.911341
0.910533
0.909863
0.909297
0.908829
0.908424
0.908098
0.907796
0.907599
0.907344
0.90747
0.948514
0.959623
0.975696
0.952882
0.938961
0.92642
0.916134
0.907281
0.899509
0.892626
0.886514
0.881137
0.876539
0.872846
0.870288
0.86927
0.870293
0.873675
0.879234
0.885932
0.892463
0.897889
0.901941
0.904664
0.906342
0.907271
0.907719
0.907899
0.907917
0.907853
0.907756
0.907655
0.907561
0.907487
0.907424
0.907393
0.907359
0.907362
0.9073
0.943871
0.93394
0.932176
0.927804
0.924245
0.921158
0.918646
0.91655
0.914824
0.913397
0.912219
0.911246
0.910439
0.909771
0.909211
0.908749
0.908352
0.908035
0.907746
0.907554
0.90732
0.907422
0.959357
0.987397
0.956951
0.942131
0.929064
0.918369
0.909196
0.901177
0.894042
0.887649
0.881946
0.876939
0.872698
0.86939
0.867293
0.866868
0.868712
0.873011
0.879442
0.886668
0.893392
0.898784
0.902686
0.90523
0.906749
0.90754
0.907911
0.908028
0.908003
0.90791
0.907795
0.907681
0.907579
0.9075
0.907434
0.907401
0.907365
0.907368
0.907305
0.955473
0.943871
0.938669
0.932859
0.928191
0.924287
0.921147
0.918555
0.916436
0.914693
0.913261
0.912084
0.911114
0.910313
0.909652
0.909102
0.90865
0.908266
0.90796
0.907687
0.907504
0.907293
0.907369
0.997167
0.958987
0.944363
0.930838
0.920006
0.910634
0.902454
0.895163
0.888587
0.882655
0.877347
0.872701
0.868827
0.865922
0.864329
0.864609
0.867317
0.872609
0.879871
0.887579
0.894403
0.899723
0.903439
0.90579
0.907139
0.907807
0.908095
0.908151
0.908083
0.907964
0.907831
0.907706
0.907596
0.907512
0.907443
0.907408
0.907371
0.907373
0.907311
1.01049
0.955472
0.948514
0.939313
0.933183
0.928166
0.924211
0.920986
0.918372
0.916238
0.914493
0.913067
0.911898
0.910939
0.910151
0.909504
0.908968
0.908532
0.908166
0.907874
0.907621
0.907448
0.907264
0.907312
0.963686
0.945436
0.931986
0.920955
0.91158
0.903312
0.895929
0.889253
0.883173
0.877658
0.872723
0.868435
0.864934
0.86246
0.861434
0.86249
0.866154
0.872512
0.880555
0.888651
0.895513
0.900693
0.904192
0.906342
0.90751
0.908066
0.90827
0.908266
0.908159
0.908015
0.907864
0.907728
0.907612
0.907523
0.907452
0.907415
0.907377
0.907378
0.907315
0.953266
1.01049
0.959357
0.948671
0.939536
0.933029
0.927972
0.923931
0.920694
0.918073
0.915945
0.914215
0.912806
0.911656
0.910717
0.909949
0.909323
0.90881
0.908394
0.908049
0.907776
0.907546
0.907386
0.907231
0.907253
0.947413
0.932444
0.921528
0.912005
0.903784
0.896346
0.889608
0.883446
0.877798
0.872664
0.868083
0.864148
0.861032
0.859021
0.858608
0.860539
0.865264
0.872722
0.881481
0.889866
0.896691
0.901681
0.904941
0.906874
0.907864
0.908315
0.908435
0.908374
0.908231
0.908062
0.907896
0.90775
0.907627
0.907534
0.90746
0.907421
0.907382
0.907382
0.90732
0.944302
0.953266
0.997167
0.959623
0.948256
0.939129
0.932594
0.927486
0.92346
0.920236
0.91764
0.915544
0.913846
0.912469
0.911351
0.910444
0.909707
0.90911
0.908625
0.908235
0.907918
0.907668
0.907463
0.907322
0.907193
0.907194
0.933771
0.921509
0.912253
0.903874
0.896471
0.88968
0.883461
0.877729
0.87246
0.867673
0.863429
0.859847
0.857132
0.855621
0.855924
0.858801
0.864696
0.873233
0.882645
0.891181
0.897929
0.902677
0.905681
0.907386
0.908214
0.908552
0.908591
0.908476
0.908298
0.908106
0.907925
0.907769
0.90764
0.907543
0.907467
0.907427
0.907387
0.907386
0.907324
0.930066
0.944302
0.963686
0.987397
0.958252
0.946968
0.938208
0.93173
0.926712
0.92275
0.91959
0.917057
0.91502
0.913377
0.91205
0.910982
0.910118
0.909423
0.908864
0.908415
0.908057
0.907771
0.907549
0.907373
0.907255
0.907153
0.907134
0.922496
0.911947
0.903871
0.896313
0.889543
0.883253
0.877453
0.872084
0.86715
0.862684
0.858766
0.855539
0.853242
0.852295
0.853392
0.857328
0.864518
0.874081
0.884036
0.892638
0.899208
0.903673
0.906408
0.907866
0.908553
0.908777
0.908738
0.908572
0.90836
0.908147
0.907952
0.907787
0.907653
0.907552
0.907474
0.907432
0.907391
0.90739
0.907327
0.918662
0.930066
0.947413
0.958987
0.975696
0.955474
0.94492
0.936655
0.930437
0.925596
0.921778
0.91874
0.916313
0.914368
0.912804
0.911549
0.910545
0.909739
0.909098
0.908586
0.908181
0.907862
0.907611
0.907421
0.907277
0.907184
0.907114
0.907078
0.912815
0.903458
0.896151
0.889198
0.882908
0.877009
0.871551
0.866492
0.861857
0.857693
0.854094
0.851229
0.849383
0.849042
0.851039
0.856181
0.864726
0.87526
0.885617
0.894186
0.900513
0.904664
0.907106
0.908336
0.908877
0.908991
0.908876
0.908661
0.908418
0.908185
0.907977
0.907804
0.907664
0.90756
0.90748
0.907437
0.907395
0.907393
0.90733
0.908813
0.918662
0.93377
0.945436
0.956951
0.965707
0.951238
0.941917
0.934462
0.928675
0.924132
0.92054
0.917683
0.915403
0.91358
0.912125
0.910965
0.910041
0.909309
0.908733
0.90828
0.907926
0.907652
0.907443
0.907289
0.907178
0.907111
0.907076
0.907021
0.904007
0.895633
0.888917
0.882414
0.876488
0.870895
0.865724
0.860935
0.856573
0.852695
0.849414
0.846925
0.84557
0.845921
0.848919
0.855432
0.865356
0.876757
0.887334
0.895815
0.901828
0.905642
0.90777
0.908795
0.909184
0.90919
0.909005
0.908745
0.908472
0.90822
0.908
0.90782
0.907675
0.907567
0.907486
0.907442
0.907399
0.907396
0.907333
0.900085
0.908813
0.922495
0.932444
0.944363
0.952882
0.956089
0.94584
0.938069
0.931614
0.926444
0.922321
0.919037
0.916417
0.91433
0.912665
0.911345
0.910302
0.909481
0.908837
0.908337
0.90795
0.907655
0.907433
0.907268
0.907154
0.907079
0.907039
0.907038
0.906964
0.896058
0.888321
0.882045
0.875872
0.870216
0.864877
0.859944
0.855395
0.851286
0.847688
0.844728
0.842638
0.841828
0.84295
0.847102
0.855158
0.866427
0.878566
0.889243
0.897498
0.903143
0.906594
0.908399
0.909238
0.909474
0.909377
0.909126
0.908823
0.908523
0.908253
0.908022
0.907834
0.907685
0.907574
0.907491
0.907446
0.907402
0.907399
0.907336
0.892095
0.900085
0.912815
0.921509
0.931986
0.942131
0.947817
0.947429
0.940088
0.933779
0.928311
0.923828
0.920202
0.917292
0.914962
0.91311
0.911641
0.910483
0.909576
0.908873
0.90833
0.907918
0.907607
0.907377
0.907211
0.907094
0.907022
0.906984
0.906971
0.907004
0.90691
0.888657
0.88138
0.87541
0.869494
0.864052
0.858913
0.854191
0.84986
0.845991
0.84267
0.840039
0.838388
0.838152
0.840152
0.845665
0.855376
0.867951
0.880626
0.891271
0.899216
0.904448
0.907507
0.909021
0.909658
0.909748
0.909552
0.909238
0.908895
0.908569
0.908283
0.908042
0.907847
0.907694
0.907581
0.907496
0.907449
0.907405
0.907401
0.907338
0.884656
0.892095
0.904007
0.911947
0.921528
0.930838
0.938961
0.941842
0.939869
0.934333
0.929263
0.924753
0.920979
0.917883
0.915379
0.913373
0.911783
0.910531
0.909557
0.908806
0.908235
0.907806
0.90749
0.907261
0.9071
0.906993
0.906927
0.906897
0.906896
0.906904
0.906974
0.906863
0.881652
0.874693
0.868954
0.863217
0.857947
0.852984
0.84844
0.844315
0.840681
0.837639
0.83536
0.834186
0.83459
0.837589
0.844719
0.856186
0.869895
0.882868
0.893405
0.900946
0.905735
0.908363
0.909624
0.910055
0.910003
0.909716
0.909343
0.908962
0.908613
0.908311
0.90806
0.907859
0.907702
0.907586
0.9075
0.907452
0.907408
0.907403
0.90734
0.877617
0.884657
0.896058
0.903458
0.912253
0.920955
0.929064
0.934679
0.935655
0.933209
0.928839
0.924783
0.921116
0.91801
0.915441
0.913359
0.911696
0.910389
0.909374
0.9086
0.908018
0.907589
0.907282
0.907067
0.906925
0.906835
0.906789
0.906773
0.906781
0.906819
0.906849
0.906949
0.906821
0.87491
0.868177
0.862602
0.857016
0.851867
0.847061
0.842682
0.838749
0.83535
0.832598
0.830704
0.830054
0.831145
0.835355
0.844338
0.857582
0.872257
0.885359
0.895609
0.902674
0.906973
0.909196
0.910198
0.910429
0.910242
0.909868
0.90944
0.909024
0.908653
0.908337
0.908077
0.90787
0.907709
0.907591
0.907504
0.907455
0.90741
0.907405
0.907343
0.87082
0.877617
0.888656
0.895633
0.903871
0.912005
0.920006
0.92642
0.929891
0.929693
0.927256
0.923723
0.920472
0.917533
0.915039
0.912974
0.911309
0.909995
0.908978
0.90821
0.907644
0.907239
0.906959
0.906778
0.906668
0.906612
0.906594
0.906604
0.906637
0.90668
0.906753
0.906805
0.906929
0.906788
0.868352
0.86176
0.85632
0.850842
0.845794
0.841115
0.836902
0.833159
0.829998
0.827551
0.826095
0.82597
0.827824
0.83358
0.844649
0.859591
0.874942
0.888005
0.897856
0.904386
0.908151
0.910011
0.910742
0.910778
0.910464
0.91001
0.90953
0.909082
0.908689
0.90836
0.908092
0.90788
0.907716
0.907596
0.907508
0.907458
0.907412
0.907406
0.907345
0.864207
0.870821
0.881652
0.888321
0.896151
0.903874
0.91158
0.918369
0.923128
0.924967
0.924145
0.921893
0.919018
0.916423
0.914104
0.912154
0.910558
0.909297
0.908324
0.907599
0.907082
0.906728
0.906503
0.906375
0.906317
0.90631
0.906334
0.906385
0.906446
0.906525
0.906601
0.906702
0.906771
0.906914
0.906764
0.861895
0.85542
0.850063
0.844667
0.839707
0.835138
0.831082
0.827537
0.82463
0.822521
0.821553
0.821935
0.824693
0.832398
0.845762
0.862152
0.877871
0.890784
0.900117
0.906058
0.909265
0.910795
0.911252
0.911105
0.910671
0.910141
0.909613
0.909135
0.908723
0.908382
0.908106
0.907889
0.907722
0.9076
0.907511
0.90746
0.907414
0.907407
0.907347
0.857681
0.864208
0.87491
0.88138
0.888917
0.896313
0.903784
0.910634
0.916134
0.919397
0.920128
0.919068
0.917059
0.914724
0.912675
0.910893
0.909431
0.90827
0.907385
0.906743
0.906308
0.906038
0.905897
0.905846
0.905863
0.90592
0.906006
0.906105
0.906216
0.906324
0.906439
0.906543
0.906665
0.906749
0.906905
0.90675
0.855521
0.849087
0.843808
0.838469
0.833584
0.829125
0.82522
0.821881
0.819238
0.817541
0.817082
0.817875
0.821902
0.832014
0.847679
0.865247
0.881102
0.893648
0.90237
0.907661
0.910365
0.911538
0.911732
0.911408
0.910863
0.910262
0.90969
0.909183
0.908754
0.908402
0.908119
0.907898
0.907728
0.907604
0.907514
0.907463
0.907416
0.907408
0.907349
0.851239
0.857682
0.868352
0.874693
0.882045
0.889198
0.896471
0.903312
0.909196
0.913392
0.915459
0.915558
0.914429
0.912712
0.910837
0.909259
0.907948
0.906924
0.906159
0.905637
0.905322
0.905169
0.905134
0.905185
0.905294
0.905439
0.9056
0.905771
0.905934
0.906093
0.906238
0.906381
0.906506
0.906643
0.906737
0.906901
0.906748
0.849152
0.842746
0.837529
0.832227
0.827413
0.823062
0.819315
0.816198
0.813842
0.812663
0.812576
0.813746
0.819681
0.832634
0.850399
0.868748
0.884528
0.896563
0.904598
0.909166
0.911428
0.912238
0.912178
0.911689
0.91104
0.910374
0.90976
0.909228
0.908782
0.90842
0.90813
0.907905
0.907732
0.907608
0.907517
0.907464
0.907417
0.907409
0.907351
0.844784
0.851239
0.861895
0.868177
0.87541
0.882414
0.889543
0.896346
0.902454
0.907281
0.910304
0.911536
0.9113
0.910245
0.908811
0.907347
0.906199
0.905313
0.904688
0.90431
0.904133
0.904116
0.904214
0.90439
0.904616
0.904869
0.905128
0.905376
0.90561
0.905823
0.906017
0.906189
0.90635
0.906489
0.906634
0.906734
0.9069
0.906761
0.842778
0.836373
0.8312
0.825928
0.821184
0.816942
0.813379
0.810474
0.808515
0.807942
0.807839
0.809697
0.818369
0.834364
0.853811
0.872545
0.888113
0.899495
0.906745
0.910632
0.912441
0.912893
0.912592
0.91195
0.911204
0.910477
0.909825
0.909269
0.908808
0.908436
0.908141
0.907912
0.907737
0.907611
0.907519
0.907466
0.907419
0.90741
0.907353
0.83832
0.844785
0.85552
0.86176
0.868954
0.875872
0.882908
0.88968
0.895929
0.901177
0.904973
0.907091
0.907775
0.907408
0.90649
0.905347
0.904269
0.903513
0.903024
0.902789
0.902771
0.902905
0.903152
0.903478
0.903845
0.904223
0.904589
0.904934
0.905246
0.905525
0.905769
0.905986
0.906172
0.906343
0.906489
0.906636
0.906735
0.906901
0.906767
0.836373
0.829943
0.824807
0.819564
0.814883
0.810774
0.807404
0.804731
0.803395
0.803158
0.802607
0.806161
0.818397
0.837145
0.857869
0.876703
0.891795
0.902408
0.908785
0.91206
0.913395
0.913502
0.912976
0.91219
0.911354
0.910571
0.909884
0.909306
0.908832
0.908451
0.90815
0.907918
0.907741
0.907613
0.907521
0.907467
0.90742
0.90741
0.907355
0.831821
0.83832
0.849152
0.85542
0.862602
0.869494
0.876488
0.883253
0.889608
0.895163
0.899509
0.90241
0.903898
0.904259
0.903895
0.903163
0.902322
0.901615
0.901246
0.901148
0.901274
0.901567
0.901985
0.902476
0.902995
0.903513
0.904003
0.904452
0.904853
0.905204
0.905508
0.905768
0.905992
0.906184
0.906354
0.906502
0.906643
0.906745
0.906905
0.906859
0.829905
0.823445
0.818342
0.813119
0.808513
0.804573
0.801359
0.799092
0.798725
0.797692
0.796775
0.803747
0.819898
0.840891
0.862396
0.881087
0.895536
0.905259
0.910725
0.913433
0.914286
0.914069
0.91333
0.912411
0.911492
0.910657
0.909938
0.90934
0.908853
0.908464
0.908158
0.907923
0.907744
0.907616
0.907523
0.907469
0.907421
0.907411
0.907357
0.825252
0.831821
0.842777
0.849087
0.85632
0.863217
0.870216
0.877009
0.883461
0.889253
0.894042
0.89756
0.899757
0.900828
0.90105
0.900779
0.900273
0.899754
0.899431
0.899448
0.899707
0.900161
0.90075
0.901411
0.902097
0.902765
0.903387
0.90395
0.904445
0.904874
0.905239
0.905548
0.905808
0.906029
0.906216
0.90638
0.90652
0.906657
0.906751
0.906902
0.906702
0.823355
0.816873
0.81179
0.806589
0.802099
0.798315
0.79528
0.793954
0.793861
0.790804
0.791432
0.803201
0.822784
0.845431
0.867266
0.885654
0.89929
0.907989
0.912635
0.914728
0.915122
0.91459
0.913655
0.912613
0.911618
0.910735
0.909987
0.90937
0.908872
0.908476
0.908166
0.907928
0.907747
0.907618
0.907525
0.90747
0.907421
0.907411
0.907359
0.818592
0.825253
0.836373
0.842746
0.850063
0.857016
0.864052
0.870895
0.877453
0.883446
0.888587
0.892626
0.895458
0.897156
0.897985
0.898205
0.898091
0.897858
0.897694
0.897756
0.898133
0.898731
0.899488
0.900326
0.901181
0.902007
0.902768
0.903449
0.904042
0.904549
0.904977
0.905335
0.905632
0.90588
0.906086
0.906262
0.906411
0.906546
0.906665
0.906772
0.906901
0.816733
0.810207
0.805146
0.799996
0.795646
0.791943
0.789394
0.789835
0.787236
0.782655
0.787967
0.804697
0.826842
0.850684
0.872531
0.890325
0.903009
0.910557
0.914478
0.915945
0.915893
0.915071
0.913953
0.912798
0.911732
0.910806
0.910031
0.909398
0.908889
0.908487
0.908172
0.907932
0.90775
0.907619
0.907526
0.907471
0.907422
0.907411
0.90736
0.811859
0.818593
0.829904
0.836373
0.843808
0.850842
0.857947
0.864877
0.871551
0.877729
0.883173
0.887649
0.891023
0.893325
0.894707
0.895451
0.895772
0.895895
0.895978
0.896161
0.896604
0.897331
0.898246
0.899256
0.900284
0.901269
0.902171
0.902973
0.903663
0.904248
0.904735
0.905139
0.905471
0.905744
0.905969
0.906156
0.906311
0.906449
0.906563
0.906686
0.906761
0.810002
0.803451
0.798413
0.793372
0.789077
0.785528
0.785056
0.784713
0.777393
0.774998
0.787447
0.807809
0.831932
0.856431
0.878049
0.895061
0.906593
0.91308
0.916227
0.917075
0.916603
0.915512
0.914226
0.912966
0.911836
0.910871
0.910071
0.909422
0.908904
0.908496
0.908178
0.907935
0.907752
0.907621
0.907527
0.907471
0.907422
0.907411
0.907362
0.805004
0.811859
0.823355
0.829943
0.837529
0.844667
0.851867
0.858913
0.865724
0.872085
0.877798
0.882655
0.886514
0.889352
0.891286
0.89251
0.893286
0.893797
0.894202
0.894622
0.895189
0.896009
0.897067
0.898243
0.899438
0.900585
0.901626
0.90254
0.903327
0.903985
0.904528
0.904973
0.905335
0.90563
0.905869
0.906066
0.906224
0.906363
0.906474
0.906594
0.906681
0.803179
0.796598
0.791648
0.786668
0.782336
0.780182
0.781968
0.775193
0.765094
0.771522
0.789319
0.812322
0.837817
0.862543
0.883763
0.899801
0.909994
0.915519
0.91787
0.918123
0.917255
0.915915
0.914473
0.913119
0.91193
0.910928
0.910106
0.909444
0.908917
0.908504
0.908183
0.907938
0.907754
0.907622
0.907528
0.907472
0.907423
0.907412
0.907363
0.798057
0.805004
0.816733
0.823445
0.8312
0.83847
0.845794
0.852984
0.859944
0.866492
0.87246
0.877658
0.881946
0.885283
0.887727
0.889455
0.890663
0.891562
0.892324
0.89306
0.893858
0.894811
0.895991
0.897315
0.898678
0.899967
0.901147
0.902178
0.903049
0.903772
0.904364
0.904843
0.905229
0.90554
0.90579
0.905993
0.906156
0.906294
0.906399
0.906514
0.906587
0.796244
0.789694
0.784836
0.779694
0.776031
0.778304
0.774584
0.759069
0.75712
0.772007
0.792985
0.817946
0.844408
0.869064
0.889596
0.904438
0.913274
0.917863
0.919396
0.91909
0.917851
0.916281
0.914698
0.913256
0.912014
0.91098
0.910138
0.909463
0.908929
0.908511
0.908187
0.90794
0.907755
0.907623
0.907529
0.907472
0.907423
0.907412
0.907363
0.790997
0.798057
0.810002
0.816873
0.824807
0.832227
0.839707
0.847061
0.854191
0.860935
0.86715
0.872664
0.877347
0.881137
0.884072
0.886275
0.88794
0.889252
0.890374
0.891441
0.892543
0.893719
0.895035
0.896506
0.898003
0.899452
0.900755
0.901888
0.902837
0.903618
0.904249
0.904754
0.905159
0.905482
0.905739
0.905944
0.906106
0.90624
0.906341
0.906448
0.906507
0.78921
0.78279
0.777696
0.772693
0.774071
0.774244
0.756233
0.744248
0.756271
0.774712
0.798094
0.824492
0.851492
0.875861
0.895491
0.908868
0.916481
0.920064
0.92082
0.919972
0.918394
0.916613
0.9149
0.91338
0.91209
0.911026
0.910165
0.909479
0.908938
0.908516
0.90819
0.907942
0.907756
0.907623
0.907529
0.907472
0.907423
0.907412
0.907363
0.783817
0.790998
0.803178
0.810207
0.818342
0.825928
0.833584
0.841115
0.84844
0.855395
0.861857
0.867674
0.872723
0.876939
0.880334
0.883011
0.885123
0.886851
0.888361
0.889778
0.891199
0.892672
0.894208
0.895797
0.897453
0.899029
0.90045
0.901675
0.902694
0.903522
0.904184
0.904711
0.905127
0.905455
0.905714
0.905918
0.906077
0.906206
0.906301
0.906397
0.906442
0.782198
0.775586
0.770244
0.770061
0.773182
0.75574
0.733105
0.74228
0.758155
0.779177
0.80427
0.831772
0.85894
0.882873
0.901358
0.913085
0.919574
0.922125
0.922123
0.920776
0.918886
0.916912
0.915082
0.91349
0.912156
0.911066
0.910189
0.909493
0.908946
0.908521
0.908192
0.907943
0.907757
0.907624
0.907529
0.907472
0.907423
0.907412
0.907363
0.77674
0.783817
0.796244
0.803451
0.811791
0.819564
0.827413
0.835139
0.842682
0.84986
0.856573
0.862684
0.868083
0.872701
0.876539
0.879671
0.882235
0.884393
0.8863
0.888085
0.889848
0.891625
0.893421
0.895225
0.896999
0.898702
0.900227
0.901537
0.902615
0.903481
0.904169
0.904709
0.90513
0.905459
0.905714
0.905914
0.906068
0.906191
0.906277
0.906363
0.906391
0.774908
0.767821
0.766642
0.771876
0.756206
0.723921
0.730235
0.743612
0.761919
0.78486
0.811357
0.839725
0.86682
0.890022
0.907034
0.917269
0.922502
0.924028
0.923315
0.921506
0.919329
0.91718
0.915244
0.913588
0.912215
0.911101
0.910209
0.909505
0.908953
0.908524
0.908194
0.907944
0.907757
0.907624
0.907529
0.907472
0.907423
0.907412
0.907362
0.769432
0.776741
0.78921
0.796598
0.805146
0.813119
0.821184
0.829125
0.836902
0.844315
0.851286
0.857693
0.863429
0.868435
0.872698
0.876278
0.879291
0.881883
0.884205
0.88638
0.888497
0.89061
0.892682
0.894723
0.896655
0.898452
0.900083
0.901463
0.902592
0.90349
0.904196
0.904743
0.905164
0.905489
0.905738
0.905931
0.906078
0.906193
0.906271
0.906345
0.90636
0.766921
0.763486
0.769694
0.756788
0.716677
0.720212
0.731203
0.746713
0.767052
0.791541
0.819261
0.848165
0.87501
0.89723
0.912422
0.921283
0.925243
0.925782
0.924398
0.922164
0.919726
0.917418
0.915387
0.913673
0.912265
0.91113
0.910226
0.909514
0.908957
0.908526
0.908194
0.907944
0.907757
0.907624
0.907529
0.907472
0.907423
0.907412
0.90736
0.761026
0.769433
0.782197
0.789694
0.798413
0.806589
0.814883
0.823062
0.831082
0.838749
0.845991
0.852695
0.858766
0.864148
0.868827
0.872846
0.876307
0.879344
0.882094
0.884674
0.887176
0.889598
0.891991
0.894263
0.89638
0.898298
0.899992
0.901444
0.902612
0.903538
0.904256
0.904805
0.905223
0.905541
0.905782
0.905966
0.906103
0.90621
0.906279
0.906346
0.90634
0.762067
0.768235
0.75805
0.711228
0.71227
0.720894
0.73372
0.751314
0.773178
0.799115
0.827856
0.856994
0.883456
0.904311
0.917744
0.925135
0.927784
0.927385
0.925376
0.922754
0.920079
0.917629
0.915512
0.913747
0.912308
0.911154
0.910239
0.90952
0.90896
0.908527
0.908194
0.907943
0.907757
0.907624
0.907529
0.907472
0.907423
0.907411
0.907359
0.755622
0.761026
0.774908
0.78279
0.791648
0.799996
0.808513
0.816942
0.82522
0.833159
0.840681
0.847688
0.854094
0.859847
0.864934
0.86939
0.873301
0.87679
0.879985
0.882991
0.88587
0.888665
0.891347
0.893856
0.896157
0.898205
0.899975
0.901458
0.902667
0.903615
0.904341
0.904889
0.905301
0.90561
0.905841
0.906015
0.906143
0.90624
0.9063
0.906359
0.906333
0.767062
0.757809
0.707277
0.706201
0.712617
0.722941
0.737819
0.75687
0.78026
0.807477
0.837131
0.866304
0.892063
0.911111
0.922892
0.928745
0.93013
0.928836
0.926254
0.923279
0.920391
0.917814
0.91562
0.913809
0.912343
0.911173
0.910249
0.909524
0.908961
0.908527
0.908194
0.907943
0.907756
0.907624
0.907529
0.907472
0.907423
0.907411
0.907357
0.76081
0.755622
0.76692
0.775586
0.784836
0.793372
0.802099
0.810774
0.819315
0.827537
0.83535
0.84267
0.849414
0.855539
0.861032
0.865922
0.870288
0.874246
0.877898
0.881355
0.884633
0.887794
0.890768
0.893514
0.895991
0.898159
0.900001
0.90152
0.90274
0.90371
0.90444
0.904986
0.90539
0.90569
0.90591
0.906074
0.906192
0.90628
0.906332
0.90638
0.906343
0.75913
0.703804
0.701761
0.706245
0.714287
0.72658
0.742852
0.763385
0.788191
0.816605
0.846927
0.875998
0.90067
0.917783
0.927878
0.932116
0.932264
0.93014
0.927036
0.923742
0.920664
0.917973
0.915712
0.913861
0.912371
0.911187
0.910255
0.909526
0.908961
0.908526
0.908193
0.907943
0.907756
0.907624
0.907529
0.907472
0.907422
0.907411
0.907355
0.754884
0.760811
0.762067
0.76782
0.777696
0.786668
0.795646
0.804573
0.813379
0.821881
0.829998
0.837639
0.844728
0.851229
0.857132
0.86246
0.867293
0.871726
0.875869
0.879753
0.883483
0.886997
0.890267
0.893244
0.895887
0.898164
0.900069
0.90161
0.902842
0.903809
0.904546
0.905087
0.905486
0.905776
0.905987
0.90614
0.906249
0.906328
0.906371
0.906409
0.906363
0.701692
0.69773
0.701581
0.707604
0.717531
0.731152
0.7488
0.77077
0.796921
0.826441
0.857188
0.886006
0.909056
0.924306
0.932588
0.935209
0.9342
0.931306
0.927727
0.924147
0.9209
0.918108
0.915788
0.913901
0.912391
0.911196
0.910257
0.909526
0.90896
0.908525
0.908193
0.907943
0.907757
0.907624
0.907529
0.907472
0.907422
0.907411
0.907353
0.694797
0.754879
0.767064
0.763486
0.770243
0.779694
0.789077
0.798315
0.807404
0.816198
0.82463
0.832598
0.840039
0.846925
0.853242
0.859021
0.864329
0.86927
0.873881
0.878271
0.882419
0.886295
0.889857
0.893055
0.89585
0.89822
0.900167
0.90173
0.902965
0.903923
0.904648
0.905191
0.905582
0.905864
0.906065
0.906209
0.906309
0.906381
0.906415
0.906447
0.906393
0.695336
0.697378
0.702695
0.710521
0.721708
0.736583
0.755641
0.778955
0.80644
0.837031
0.868016
0.896178
0.917275
0.93065
0.936989
0.938045
0.935936
0.932338
0.928331
0.924498
0.9211
0.91822
0.915847
0.913931
0.912404
0.9112
0.910257
0.909524
0.908958
0.908524
0.908193
0.907943
0.907757
0.907624
0.907529
0.907471
0.907421
0.90741
0.907351
0.688081
0.694797
0.759137
0.768235
0.766642
0.772693
0.782336
0.791943
0.801359
0.810474
0.819238
0.827551
0.83536
0.842638
0.849383
0.855621
0.861434
0.866868
0.872023
0.876895
0.881468
0.885705
0.88955
0.892955
0.895883
0.898325
0.900303
0.901876
0.903106
0.904044
0.904757
0.905288
0.905675
0.905949
0.906142
0.906279
0.90637
0.906435
0.906462
0.90649
0.906428
0.695276
0.698278
0.70536
0.714377
0.726705
0.742916
0.763254
0.787949
0.816773
0.84821
0.879348
0.906256
0.925433
0.936708
0.941064
0.940608
0.937476
0.933242
0.928854
0.924795
0.921265
0.918308
0.915892
0.91395
0.91241
0.911199
0.910254
0.909522
0.908957
0.908524
0.908193
0.907943
0.907757
0.907623
0.907528
0.907471
0.907421
0.90741
0.907349
0.687016
0.688081
0.701692
0.75781
0.769694
0.770061
0.776031
0.785528
0.79528
0.804731
0.813842
0.822521
0.830704
0.838388
0.84557
0.852295
0.858608
0.864609
0.870293
0.875649
0.880652
0.885244
0.889359
0.89295
0.895988
0.898477
0.900476
0.902051
0.903262
0.90418
0.904871
0.905385
0.90576
0.90603
0.906216
0.906345
0.906429
0.906489
0.90651
0.906536
0.906467
0.695998
0.700686
0.70896
0.719026
0.73259
0.749997
0.771645
0.797788
0.827892
0.860024
0.89103
0.916214
0.933362
0.942399
0.944788
0.942899
0.938831
0.934025
0.929299
0.925042
0.921397
0.918374
0.915921
0.91396
0.912409
0.911196
0.910251
0.909521
0.908957
0.908525
0.908194
0.907944
0.907757
0.907623
0.907527
0.90747
0.90742
0.907409
0.907347
0.687492
0.687016
0.695336
0.703804
0.758051
0.771876
0.774071
0.780182
0.789394
0.799092
0.808515
0.817541
0.826095
0.834186
0.841828
0.849042
0.855924
0.86249
0.868712
0.874564
0.879998
0.884929
0.889293
0.893041
0.896157
0.898681
0.900688
0.902246
0.90343
0.904326
0.904992
0.905483
0.905843
0.906102
0.906283
0.906407
0.906486
0.906542
0.906558
0.906582
0.906508
0.698073
0.704039
0.713322
0.724547
0.739208
0.757808
0.780877
0.808484
0.839844
0.872518
0.902848
0.926196
0.94104
0.947699
0.948148
0.944926
0.940008
0.934693
0.929669
0.925239
0.921496
0.918418
0.915936
0.91396
0.912405
0.911192
0.91025
0.909521
0.908958
0.908526
0.908194
0.907944
0.907756
0.907622
0.907526
0.907469
0.907419
0.907408
0.907345
0.68941
0.687492
0.695276
0.69773
0.707277
0.756788
0.773183
0.778304
0.785056
0.793954
0.803395
0.812663
0.821553
0.830054
0.838152
0.845922
0.853392
0.860539
0.867317
0.873675
0.879526
0.884778
0.889359
0.893226
0.896393
0.898938
0.900932
0.902462
0.903617
0.904481
0.905119
0.905586
0.905925
0.90617
0.906343
0.906464
0.906539
0.906591
0.906605
0.906628
0.90655
0.701371
0.708184
0.718553
0.730787
0.746494
0.766438
0.790975
0.820069
0.852502
0.885624
0.914694
0.935972
0.948313
0.95254
0.95116
0.946694
0.941014
0.935251
0.929966
0.925389
0.921563
0.918442
0.915936
0.913954
0.9124
0.911189
0.91025
0.909522
0.90896
0.908527
0.908194
0.907943
0.907755
0.907621
0.907525
0.907467
0.907417
0.907407
0.907343
0.692304
0.68941
0.695998
0.697379
0.701761
0.711229
0.756205
0.774243
0.781969
0.789835
0.798725
0.807942
0.817082
0.82597
0.83459
0.84295
0.851039
0.858801
0.866154
0.873011
0.879263
0.884804
0.889555
0.8935
0.896705
0.899243
0.901209
0.902696
0.903816
0.904645
0.905252
0.905692
0.906009
0.906237
0.906399
0.906513
0.906586
0.906636
0.906648
0.906671
0.906591
0.705361
0.713192
0.724529
0.737688
0.754565
0.775911
0.801975
0.832639
0.866075
0.899116
0.926659
0.945553
0.955114
0.956932
0.953807
0.948213
0.941859
0.935703
0.930195
0.925493
0.921601
0.918445
0.91593
0.913947
0.912397
0.911189
0.910251
0.909524
0.908961
0.908527
0.908194
0.907942
0.907754
0.907619
0.907523
0.907466
0.907416
0.907406
0.90734
0.695928
0.692304
0.698073
0.698278
0.701581
0.706201
0.716677
0.75574
0.774584
0.784713
0.793861
0.803158
0.812576
0.821935
0.831145
0.840152
0.848919
0.857328
0.865264
0.872609
0.879235
0.885007
0.889872
0.893877
0.897084
0.899593
0.901504
0.902953
0.904027
0.904816
0.905389
0.9058
0.906094
0.906304
0.906453
0.906559
0.906628
0.906677
0.906688
0.906711
0.906631
0.710176
0.718902
0.731111
0.745309
0.763452
0.78626
0.813992
0.846125
0.880463
0.912912
0.938521
0.954706
0.96138
0.960849
0.956099
0.949493
0.942547
0.936052
0.930355
0.925554
0.921609
0.918438
0.91592
0.913943
0.912397
0.911192
0.910254
0.909526
0.908961
0.908526
0.908192
0.90794
0.907752
0.907618
0.907521
0.907464
0.907414
0.907405
0.907338
0.700386
0.695928
0.701371
0.700686
0.702695
0.706245
0.71227
0.723921
0.756233
0.775193
0.787236
0.797692
0.807839
0.817875
0.827824
0.837589
0.847102
0.856181
0.864696
0.872512
0.879442
0.885375
0.89033
0.894347
0.897527
0.899978
0.901836
0.903226
0.904249
0.904993
0.905528
0.90591
0.906181
0.906373
0.906507
0.906602
0.906665
0.906712
0.906723
0.906748
0.906667
0.715717
0.72519
0.738374
0.753735
0.773187
0.797583
0.827026
0.860546
0.895541
0.926993
0.950291
0.96334
0.96705
0.964276
0.958042
0.950546
0.943085
0.936303
0.930454
0.925571
0.921603
0.918426
0.915915
0.913943
0.9124
0.911196
0.910257
0.909526
0.90896
0.908524
0.90819
0.907938
0.90775
0.907616
0.907519
0.907463
0.907412
0.907403
0.907336
0.705538
0.700386
0.705361
0.704039
0.70536
0.707604
0.712618
0.720212
0.733105
0.759069
0.777393
0.790804
0.802607
0.813746
0.824693
0.835355
0.845665
0.855432
0.864518
0.872722
0.879871
0.885932
0.890916
0.894912
0.898028
0.900401
0.902191
0.903515
0.90448
0.905175
0.90567
0.906021
0.906268
0.906441
0.906561
0.906646
0.906701
0.906744
0.906754
0.90678
0.906701
0.721824
0.732147
0.746431
0.762953
0.783836
0.809922
0.841247
0.87612
0.911291
0.941158
0.961643
0.971344
0.97209
0.967222
0.959654
0.951378
0.943479
0.936463
0.93049
0.925568
0.921588
0.918418
0.915915
0.913947
0.912405
0.911199
0.910257
0.909524
0.908957
0.908521
0.908187
0.907935
0.907747
0.907613
0.907517
0.90746
0.90741
0.907401
0.907333
0.711212
0.705538
0.710176
0.708184
0.70896
0.710521
0.714287
0.720894
0.730235
0.744248
0.765094
0.782654
0.796775
0.809697
0.821902
0.83358
0.844719
0.855158
0.864726
0.873233
0.880555
0.886668
0.891634
0.895556
0.898569
0.900863
0.902567
0.903816
0.904717
0.90536
0.905814
0.906132
0.906354
0.906509
0.906615
0.90669
0.906738
0.906774
0.906781
0.906809
0.906731
0.728564
0.739859
0.755237
0.773062
0.795562
0.823488
0.856648
0.892741
0.927546
0.955375
0.972475
0.978597
0.976496
0.969681
0.960943
0.951998
0.943739
0.936532
0.930495
0.925551
0.921579
0.918418
0.91592
0.913954
0.912409
0.9112
0.910255
0.90952
0.908953
0.908516
0.908183
0.907932
0.907744
0.907611
0.907514
0.907458
0.907408
0.907399
0.90733
0.717499
0.711212
0.715717
0.713192
0.713322
0.714377
0.717531
0.722942
0.731203
0.74228
0.75712
0.774998
0.791432
0.806161
0.819681
0.832398
0.844338
0.855376
0.865356
0.874081
0.881481
0.887579
0.892463
0.89626
0.899171
0.901354
0.902961
0.904127
0.904959
0.905547
0.905958
0.906244
0.906441
0.906577
0.906669
0.906733
0.906773
0.906804
0.906807
0.906834
0.906758
0.73607
0.748285
0.764896
0.784176
0.808415
0.838322
0.873246
0.910338
0.944209
0.969278
0.982583
0.985038
0.980233
0.971676
0.961921
0.952422
0.943869
0.936555
0.930477
0.92554
0.921579
0.918426
0.91593
0.91396
0.91241
0.911196
0.910249
0.909514
0.908946
0.908511
0.908178
0.907928
0.907741
0.907608
0.907511
0.907455
0.907405
0.907396
0.907327
0.724496
0.717499
0.721824
0.718902
0.718553
0.719026
0.721708
0.72658
0.73372
0.743613
0.756272
0.771522
0.787967
0.803747
0.818369
0.832014
0.844649
0.856186
0.866427
0.87526
0.882645
0.888651
0.893392
0.897043
0.899815
0.901872
0.903371
0.904444
0.905204
0.905735
0.906103
0.906355
0.906527
0.906644
0.906722
0.906776
0.906808
0.906834
0.906833
0.906857
0.906781
0.744254
0.75752
0.77551
0.796334
0.822496
0.854612
0.891298
0.928817
0.96111
0.982677
0.991751
0.990629
0.983302
0.973217
0.96261
0.952655
0.943924
0.936541
0.930465
0.92554
0.921588
0.918438
0.915936
0.91396
0.912404
0.911187
0.910239
0.909505
0.908938
0.908504
0.908172
0.907923
0.907737
0.907604
0.907508
0.907452
0.907402
0.907393
0.907324
0.732113
0.724496
0.728564
0.72519
0.724529
0.724547
0.726705
0.731152
0.737819
0.746713
0.758155
0.772007
0.787447
0.803201
0.818397
0.832634
0.845762
0.857582
0.867951
0.876757
0.884036
0.889866
0.894403
0.897889
0.900496
0.902411
0.90379
0.904767
0.905451
0.905923
0.906247
0.906465
0.906612
0.90671
0.906774
0.906818
0.906843
0.906864
0.906859
0.906881
0.906803
0.753222
0.767658
0.787126
0.809684
0.838059
0.872345
0.91069
0.948153
0.977916
0.995267
0.999899
0.995303
0.985719
0.974332
0.963018
0.952772
0.943924
0.93653
0.930465
0.925551
0.921603
0.918445
0.915936
0.91395
0.912391
0.911173
0.910226
0.909493
0.908929
0.908496
0.908166
0.907918
0.907732
0.9076
0.907504
0.907449
0.907399
0.90739
0.90732
0.740454
0.732113
0.73607
0.732147
0.731111
0.730787
0.73259
0.736583
0.742852
0.751314
0.761919
0.774712
0.789319
0.804697
0.819898
0.834364
0.847679
0.859591
0.869895
0.878566
0.885617
0.891181
0.895513
0.898784
0.901207
0.902965
0.904215
0.905091
0.905698
0.906111
0.906389
0.906574
0.906696
0.906775
0.906826
0.906859
0.906877
0.906893
0.906885
0.906904
0.906826
0.763067
0.778746
0.799878
0.824485
0.855302
0.891852
0.931577
0.96798
0.994259
1.00676
1.00688
0.999055
0.987511
0.975032
0.963246
0.952802
0.943917
0.93653
0.930477
0.925568
0.921609
0.918442
0.915921
0.913931
0.912371
0.911154
0.910209
0.909479
0.908917
0.908487
0.908158
0.907912
0.907728
0.907596
0.9075
0.907446
0.907395
0.907386
0.907315
0.749614
0.740454
0.744254
0.739859
0.738374
0.737688
0.739208
0.742916
0.7488
0.75687
0.767052
0.779177
0.792985
0.807809
0.822784
0.837145
0.850399
0.862152
0.872257
0.880626
0.887334
0.892638
0.896691
0.899723
0.901941
0.903528
0.904644
0.905417
0.905943
0.906297
0.90653
0.906682
0.906778
0.906839
0.906876
0.906899
0.90691
0.906921
0.90691
0.906928
0.906847
0.773838
0.790891
0.814034
0.840947
0.874376
0.913272
0.953623
0.988019
1.00974
1.01687
1.0126
1.00191
0.98869
0.975453
0.963334
0.952807
0.943917
0.936541
0.930495
0.925571
0.921601
0.918418
0.915892
0.913901
0.912343
0.91113
0.910189
0.909463
0.908904
0.908476
0.90815
0.907905
0.907722
0.907591
0.907496
0.907442
0.907391
0.907382
0.907311
0.759622
0.749614
0.753222
0.748285
0.746431
0.745309
0.746494
0.749997
0.755641
0.763385
0.773178
0.78486
0.798094
0.812322
0.826842
0.840891
0.853811
0.865247
0.874942
0.882868
0.889243
0.894186
0.897929
0.900693
0.902686
0.904096
0.905074
0.90574
0.906187
0.90648
0.906668
0.906787
0.906859
0.906901
0.906925
0.906939
0.906942
0.906948
0.906935
0.90695
0.906869
0.785618
0.804367
0.829811
0.859298
0.895479
0.9365
0.976706
1.00771
1.02389
1.02542
1.01707
1.00386
0.989437
0.975648
0.963365
0.952807
0.943924
0.936555
0.93049
0.925554
0.921563
0.918374
0.915847
0.913861
0.912308
0.911101
0.910165
0.909444
0.908889
0.908464
0.908141
0.907898
0.907716
0.907586
0.907491
0.907437
0.907387
0.907378
0.907305
0.770507
0.759622
0.763067
0.75752
0.755237
0.753735
0.754565
0.757808
0.763254
0.77077
0.78026
0.791541
0.80427
0.817946
0.831932
0.845431
0.857869
0.868748
0.877871
0.885359
0.891271
0.895815
0.899208
0.901681
0.903439
0.904664
0.905501
0.906061
0.906427
0.90666
0.906804
0.906889
0.906936
0.906961
0.906972
0.906976
0.906973
0.906976
0.906959
0.906973
0.906891
0.798672
0.819398
0.847456
0.879903
0.918951
0.961583
1.00029
1.02648
1.03622
1.03228
1.02025
1.00515
0.98982
0.975727
0.963365
0.952802
0.943924
0.936532
0.930454
0.925493
0.921496
0.918308
0.915788
0.913809
0.912265
0.911066
0.910138
0.909422
0.908872
0.908451
0.90813
0.907889
0.907709
0.907581
0.907486
0.907432
0.907382
0.907373
0.9073
0.782591
0.770507
0.773838
0.767658
0.764896
0.762953
0.763452
0.766438
0.771645
0.778955
0.788191
0.799115
0.811357
0.824492
0.837817
0.850684
0.862396
0.872545
0.881102
0.888005
0.893405
0.897498
0.900513
0.902677
0.904192
0.90523
0.905925
0.906377
0.906663
0.906836
0.906935
0.906988
0.907011
0.907018
0.907017
0.907013
0.907004
0.907002
0.906983
0.906995
0.906912
0.813233
0.836232
0.867345
0.902898
0.944906
0.988142
1.02374
1.04355
1.04646
1.03732
1.02241
1.00585
0.989986
0.975727
0.963334
0.952772
0.943869
0.936463
0.930355
0.925389
0.921397
0.91822
0.915712
0.913747
0.912215
0.911026
0.910106
0.909398
0.908853
0.908436
0.908119
0.90788
0.907702
0.907574
0.90748
0.907427
0.907377
0.907368
0.907294
0.796061
0.782591
0.785618
0.778746
0.77551
0.773062
0.773187
0.775911
0.780877
0.787949
0.796921
0.807477
0.819261
0.831772
0.844408
0.856431
0.867266
0.876703
0.884528
0.890784
0.895609
0.899216
0.901828
0.903673
0.904941
0.90579
0.906342
0.906687
0.906892
0.907006
0.907061
0.907081
0.907082
0.907074
0.907061
0.907049
0.907035
0.907028
0.907007
0.907017
0.906932
0.82954
0.855253
0.889822
0.928829
0.973249
1.01568
1.04607
1.05826
1.05426
1.04083
1.02363
1.00616
0.989986
0.975648
0.963246
0.952655
0.943739
0.936303
0.930195
0.925239
0.921265
0.918108
0.91562
0.913673
0.912156
0.91098
0.910071
0.90937
0.908832
0.90842
0.908106
0.90787
0.907694
0.907567
0.907474
0.907421
0.907371
0.907362
0.907287
0.811154
0.796061
0.798672
0.790891
0.787126
0.784176
0.783836
0.78626
0.790975
0.797788
0.80644
0.816605
0.827856
0.839725
0.851492
0.862543
0.872531
0.881087
0.888113
0.893648
0.897856
0.900946
0.903143
0.904664
0.905681
0.906342
0.906749
0.906985
0.907112
0.907167
0.90718
0.907172
0.907152
0.907129
0.907105
0.907084
0.907064
0.907054
0.907029
0.907038
0.906952
0.847965
0.876869
0.915407
0.957802
1.00367
1.04312
1.06623
1.06992
1.05981
1.04289
1.02419
1.00616
0.98982
0.975453
0.963018
0.952422
0.943479
0.936052
0.929966
0.925042
0.9211
0.917973
0.915512
0.913588
0.91209
0.910928
0.910031
0.90934
0.908808
0.908402
0.908092
0.907859
0.907685
0.90756
0.907467
0.907415
0.907365
0.907356
0.907281
0.828265
0.811154
0.813233
0.804367
0.799878
0.796334
0.795562
0.797583
0.801975
0.808484
0.816773
0.826441
0.837131
0.848165
0.85894
0.869064
0.878049
0.885654
0.891795
0.896563
0.900117
0.902674
0.904448
0.905642
0.906408
0.906874
0.907139
0.907271
0.907319
0.907321
0.907298
0.907261
0.907221
0.907183
0.907147
0.907119
0.907092
0.907078
0.907052
0.907058
0.906972
0.868928
0.901539
0.944335
0.989859
1.03542
1.06916
1.08291
1.07849
1.06318
1.04387
1.02419
1.00585
0.989437
0.975032
0.96261
0.951998
0.943085
0.935703
0.929669
0.924795
0.9209
0.917814
0.915387
0.91349
0.912014
0.910871
0.909987
0.909306
0.908782
0.908382
0.908077
0.907847
0.907675
0.907552
0.90746
0.907408
0.907359
0.907349
0.907273
0.847833
0.828264
0.82954
0.819398
0.814034
0.809684
0.808415
0.809922
0.813992
0.820069
0.827892
0.837031
0.846927
0.856994
0.86682
0.875861
0.883763
0.890325
0.895536
0.899495
0.90237
0.904386
0.905735
0.906594
0.907106
0.907386
0.90751
0.90754
0.907521
0.907473
0.907412
0.907348
0.907288
0.907234
0.907187
0.907151
0.907119
0.907102
0.907073
0.907078
0.906992
0.892985
0.929726
0.976863
1.02449
1.06687
1.09188
1.09563
1.08382
1.0648
1.04387
1.02363
1.00515
0.98869
0.974332
0.961921
0.951378
0.942547
0.935251
0.929299
0.924498
0.920664
0.917629
0.915244
0.91338
0.91193
0.910806
0.909938
0.909269
0.908754
0.90836
0.90806
0.907834
0.907664
0.907543
0.907452
0.907401
0.907352
0.907342
0.907265
0.870415
0.847833
0.847965
0.836232
0.829811
0.824485
0.822496
0.823488
0.827026
0.832639
0.839844
0.84821
0.857188
0.866304
0.87501
0.882873
0.889596
0.895061
0.89929
0.902408
0.904598
0.906058
0.906973
0.907507
0.90777
0.907866
0.907864
0.907807
0.907719
0.907621
0.907523
0.907432
0.907351
0.907283
0.907226
0.907183
0.907146
0.907125
0.907094
0.907097
0.907011
0.92071
0.962433
1.01306
1.0603
1.09623
1.10981
1.10379
1.08642
1.0648
1.04289
1.02241
1.00386
0.987511
0.973217
0.960943
0.950546
0.941859
0.934693
0.928854
0.924147
0.920391
0.917418
0.915082
0.913256
0.911836
0.910735
0.909884
0.909228
0.908723
0.908337
0.908042
0.90782
0.907653
0.907534
0.907443
0.907393
0.907344
0.907335
0.907257
0.896809
0.870415
0.868928
0.855253
0.847456
0.840947
0.838059
0.838322
0.841247
0.846125
0.852502
0.860024
0.868016
0.875998
0.883456
0.890022
0.895491
0.899801
0.903009
0.905259
0.906745
0.907661
0.908151
0.908363
0.908399
0.908336
0.908214
0.908066
0.907911
0.907763
0.907629
0.907512
0.907412
0.90733
0.907263
0.907213
0.907171
0.907147
0.907114
0.907116
0.907029
0.952058
0.999386
1.05186
1.0955
1.1199
1.12193
1.10785
1.08642
1.06318
1.04083
1.02025
1.00191
0.985719
0.971676
0.959654
0.949493
0.941014
0.934025
0.928331
0.923742
0.920079
0.91718
0.9149
0.913119
0.911732
0.910657
0.909825
0.909183
0.908689
0.908311
0.908022
0.907804
0.90764
0.907523
0.907434
0.907384
0.907336
0.907327
0.907248
0.928106
0.896809
0.892985
0.876869
0.867345
0.859298
0.855302
0.854612
0.856648
0.860546
0.866075
0.872518
0.879348
0.886006
0.892063
0.89723
0.901358
0.904438
0.906593
0.907989
0.908785
0.909166
0.909265
0.909196
0.909021
0.908795
0.908553
0.908315
0.908095
0.907899
0.90773
0.907587
0.907469
0.907375
0.907298
0.907242
0.907195
0.907168
0.907134
0.907134
0.907047
0.989053
1.04051
1.09147
1.12546
1.13673
1.12804
1.10785
1.08382
1.05981
1.03732
1.01707
0.999055
0.983302
0.969681
0.958042
0.948213
0.940008
0.933242
0.927727
0.923279
0.919726
0.916912
0.914698
0.912966
0.911618
0.910571
0.90976
0.909135
0.908653
0.908283
0.908
0.907787
0.907627
0.907512
0.907424
0.907375
0.907327
0.907318
0.907238
0.964644
0.928106
0.92071
0.901539
0.889822
0.879903
0.874376
0.872345
0.873246
0.87612
0.880463
0.885624
0.89103
0.896178
0.90067
0.904311
0.907034
0.908868
0.909994
0.910557
0.910725
0.910632
0.910365
0.910011
0.909624
0.909238
0.908877
0.908552
0.90827
0.908028
0.907826
0.90766
0.907524
0.907417
0.907331
0.907269
0.907218
0.907188
0.907152
0.907151
0.907064
1.03101
1.08328
1.12734
1.14725
1.1456
1.12804
1.10379
1.07849
1.05426
1.03228
1.0126
0.995303
0.980233
0.967222
0.956099
0.946694
0.938831
0.932338
0.927036
0.922754
0.919329
0.916613
0.914473
0.912798
0.911492
0.910477
0.90969
0.909082
0.908613
0.908253
0.907977
0.907769
0.907612
0.9075
0.907414
0.907365
0.907318
0.907309
0.907228
1.00661
0.964644
0.952058
0.929726
0.915407
0.902898
0.895479
0.891852
0.891298
0.892741
0.895541
0.899116
0.902848
0.906256
0.909056
0.911111
0.912422
0.913085
0.913274
0.91308
0.912635
0.91206
0.911428
0.910795
0.910198
0.909658
0.909184
0.908777
0.908435
0.908151
0.907917
0.907728
0.907576
0.907457
0.907363
0.907295
0.907239
0.907207
0.90717
0.907168
0.907081
1.07682
1.12545
1.15351
1.15963
1.1456
1.12193
1.09563
1.06992
1.04646
1.02542
1.00688
0.990629
0.976496
0.964276
0.953807
0.944926
0.937476
0.931306
0.926254
0.922164
0.918886
0.916281
0.914226
0.912613
0.911354
0.910374
0.909613
0.909024
0.908569
0.90822
0.907952
0.90775
0.907596
0.907487
0.907402
0.907354
0.907308
0.907299
0.907217
1.05351
1.00661
0.989053
0.962433
0.944335
0.928829
0.918951
0.913272
0.91069
0.910338
0.911291
0.912912
0.914694
0.916214
0.917275
0.917783
0.917744
0.917269
0.916481
0.915519
0.914478
0.913433
0.912441
0.911538
0.910742
0.910055
0.909474
0.908991
0.908591
0.908266
0.908003
0.907792
0.907625
0.907496
0.907393
0.90732
0.90726
0.907225
0.907187
0.907184
0.907097
1.12373
1.1564
1.16922
1.15963
1.13673
1.10981
1.08291
1.05826
1.03622
1.01687
0.999899
0.985038
0.97209
0.960849
0.95116
0.942899
0.935936
0.93014
0.925376
0.921506
0.918394
0.915915
0.913953
0.912411
0.911204
0.910262
0.90953
0.908962
0.908523
0.908185
0.907925
0.907728
0.907579
0.907473
0.90739
0.907343
0.907297
0.907289
0.907206
1.10364
1.05351
1.03101
0.999386
0.976863
0.957802
0.944906
0.9365
0.931577
0.928817
0.927546
0.926993
0.926659
0.926196
0.925434
0.924306
0.922892
0.921283
0.919574
0.917863
0.916227
0.914728
0.913395
0.912238
0.911252
0.910429
0.909748
0.90919
0.908738
0.908374
0.908083
0.907853
0.907672
0.907532
0.907422
0.907343
0.90728
0.907243
0.907203
0.907199
0.907113
1.15851
1.17619
1.16922
1.14725
1.1199
1.09188
1.06623
1.04355
1.02389
1.00676
0.991751
0.978597
0.96705
0.956932
0.948148
0.940608
0.9342
0.928836
0.924398
0.920776
0.917851
0.915512
0.913655
0.91219
0.91104
0.910141
0.90944
0.908895
0.908472
0.908147
0.907896
0.907706
0.907561
0.907458
0.907377
0.907331
0.907286
0.907278
0.907195
1.14132
1.10364
1.07682
1.04051
1.01306
0.989859
0.973249
0.961583
0.953623
0.948153
0.944209
0.941158
0.938521
0.935972
0.933362
0.93065
0.927878
0.925135
0.922502
0.920064
0.91787
0.915945
0.914286
0.912893
0.911732
0.910778
0.910003
0.909377
0.908876
0.908476
0.908159
0.90791
0.907715
0.907565
0.907449
0.907365
0.907299
0.90726
0.907219
0.907214
0.907128
1.17908
1.17619
1.15351
1.12546
1.09623
1.06916
1.04607
1.02648
1.00974
0.995267
0.982583
0.971344
0.96138
0.95254
0.944788
0.938045
0.932264
0.927385
0.923315
0.919972
0.917255
0.915071
0.91333
0.91195
0.910863
0.91001
0.909343
0.908823
0.908418
0.908106
0.907864
0.907681
0.907541
0.907442
0.907363
0.907318
0.907274
0.907266
0.907182
1.16665
1.14132
1.12373
1.08328
1.05186
1.02449
1.00367
0.988142
0.976706
0.96798
0.96111
0.955375
0.950291
0.945553
0.94104
0.936708
0.932588
0.928745
0.925243
0.922125
0.919396
0.917075
0.915122
0.913502
0.912178
0.911105
0.910242
0.909552
0.909005
0.908572
0.908231
0.907964
0.907756
0.907597
0.907474
0.907386
0.907316
0.907276
0.907234
0.907228
0.907143
1.17908
1.1564
1.12734
1.0955
1.06687
1.04312
1.02374
1.00771
0.994259
0.982677
0.972475
0.96334
0.955114
0.947699
0.941064
0.935209
0.93013
0.925782
0.922123
0.91909
0.916603
0.91459
0.912976
0.911689
0.910671
0.909868
0.909238
0.908745
0.90836
0.908062
0.907831
0.907655
0.90752
0.907424
0.907348
0.907305
0.907261
0.907254
0.90717
1.16665
1.15851
1.12545
1.09147
1.0603
1.03542
1.01568
1.00029
0.988019
0.977916
0.969278
0.961643
0.954706
0.948313
0.942399
0.936989
0.932116
0.927784
0.924028
0.92082
0.918123
0.915893
0.914069
0.912592
0.911408
0.910464
0.909716
0.909126
0.908661
0.908298
0.908015
0.907795
0.907627
0.907498
0.907406
0.907333
0.907291
0.907248
0.907241
0.907156
)
;

boundaryField
{
    front
    {
        type            empty;
    }
    back
    {
        type            empty;
    }
    airfoil
    {
        type            calculated;
        value           nonuniform List<scalar> 
120
(
0.953266
0.944302
0.930066
0.918662
0.908813
0.900085
0.892095
0.884656
0.877617
0.87082
0.864207
0.857681
0.851239
0.844784
0.83832
0.831821
0.825252
0.818592
0.811859
0.805004
0.798057
0.790997
0.783817
0.77674
0.769432
0.761026
0.755622
0.76081
0.754884
0.694797
0.688081
0.687016
0.687492
0.68941
0.692304
0.695928
0.700386
0.705538
0.711212
0.717499
0.724496
0.732113
0.740454
0.749614
0.759622
0.770507
0.782591
0.796061
0.811154
0.828265
0.847833
0.870415
0.896809
0.928106
0.964644
1.00661
1.05351
1.10364
1.14132
1.16665
1.16665
1.14132
1.10364
1.05351
1.00661
0.964644
0.928106
0.896809
0.870415
0.847833
0.828264
0.811154
0.796061
0.782591
0.770507
0.759622
0.749614
0.740454
0.732113
0.724496
0.717499
0.711212
0.705538
0.700386
0.695928
0.692304
0.68941
0.687492
0.687016
0.688081
0.694797
0.754879
0.760811
0.755622
0.761026
0.769433
0.776741
0.783817
0.790998
0.798057
0.805004
0.811859
0.818593
0.825253
0.831821
0.83832
0.844785
0.851239
0.857682
0.864208
0.870821
0.877617
0.884657
0.892095
0.900085
0.908813
0.918662
0.930066
0.944302
0.953266
)
;
    }
    freestream
    {
        type            calculated;
        value           nonuniform List<scalar> 
168
(
0.906992
0.906858
0.906764
0.906673
0.906584
0.906508
0.906448
0.906403
0.906379
0.906369
0.906369
0.906383
0.906408
0.906442
0.906482
0.906525
0.90657
0.906615
0.906659
0.906701
0.906739
0.906774
0.906805
0.906832
0.906856
0.906878
0.906901
0.906922
0.906944
0.906965
0.906985
0.907005
0.907025
0.907044
0.907063
0.907081
0.907099
0.907116
0.907132
0.907148
0.907163
0.907178
0.907192
0.907206
0.907218
0.907231
0.907242
0.907254
0.907264
0.907274
0.907284
0.907293
0.907302
0.90731
0.907317
0.907324
0.907331
0.907337
0.907342
0.907347
0.907352
0.907357
0.907361
0.907364
0.907368
0.907371
0.907374
0.907376
0.907379
0.907381
0.907383
0.907385
0.907388
0.90739
0.907392
0.907394
0.907396
0.907398
0.9074
0.907401
0.907402
0.907404
0.907404
0.907405
0.907405
0.907404
0.907404
0.907402
0.907401
0.9074
0.907398
0.907396
0.907394
0.907392
0.90739
0.907388
0.907385
0.907383
0.907381
0.907379
0.907376
0.907374
0.907371
0.907368
0.907364
0.907361
0.907357
0.907352
0.907347
0.907342
0.907337
0.907331
0.907324
0.907317
0.90731
0.907302
0.907293
0.907284
0.907274
0.907264
0.907254
0.907242
0.907231
0.907218
0.907205
0.907192
0.907178
0.907163
0.907148
0.907132
0.907116
0.907099
0.907081
0.907063
0.907044
0.907025
0.907005
0.906985
0.906965
0.906944
0.906922
0.906901
0.906878
0.906856
0.906832
0.906805
0.906774
0.906739
0.906701
0.906659
0.906615
0.90657
0.906525
0.906482
0.906442
0.906408
0.906383
0.906369
0.906369
0.906379
0.906403
0.906448
0.906508
0.906584
0.906673
0.906764
0.906858
0.906992
)
;
    }
    outlet
    {
        type            calculated;
        value           nonuniform List<scalar> 
80
(
0.907107
0.907101
0.907103
0.907101
0.9071
0.9071
0.907099
0.907099
0.907098
0.907098
0.907097
0.907097
0.907097
0.907097
0.907097
0.907097
0.907097
0.907097
0.907098
0.907098
0.907098
0.907099
0.907099
0.907099
0.907099
0.907098
0.907097
0.907095
0.907092
0.907086
0.907077
0.907066
0.907052
0.907031
0.907001
0.906952
0.906863
0.9066
0.905999
0.902472
0.902472
0.905999
0.9066
0.906863
0.906952
0.907001
0.907031
0.907052
0.907066
0.907077
0.907086
0.907092
0.907095
0.907097
0.907098
0.907099
0.907099
0.907099
0.907099
0.907098
0.907098
0.907098
0.907097
0.907097
0.907097
0.907097
0.907097
0.907097
0.907097
0.907097
0.907098
0.907098
0.907099
0.907099
0.9071
0.9071
0.907101
0.907103
0.907101
0.907107
)
;
    }
}


// ************************************************************************* //
