/*--------------------------------*- C++ -*----------------------------------*\
| =========                 |                                                 |
| \\      /  F ield         | OpenFOAM: The Open Source CFD Toolbox           |
|  \\    /   O peration     | Version:  v2012                                 |
|   \\  /    A nd           | Website:  www.openfoam.com                      |
|    \\/     M anipulation  |                                                 |
\*---------------------------------------------------------------------------*/
FoamFile
{
    version     2.0;
    format      ascii;
    class       volScalarField;
    location    "1.571934130073674";
    object      rho_0;
}
// * * * * * * * * * * * * * * * * * * * * * * * * * * * * * * * * * * * * * //

dimensions      [1 -3 0 0 0 0 0];


internalField   nonuniform List<scalar> 
6720
(
0.906702
0.906859
0.906901
0.906767
0.906902
0.906762
0.906761
0.906905
0.906772
0.906681
0.906748
0.906901
0.906751
0.906686
0.906587
0.906751
0.9069
0.906745
0.906666
0.906594
0.906507
0.906764
0.906901
0.906736
0.906657
0.906563
0.906514
0.906442
0.906788
0.906905
0.906734
0.906643
0.906546
0.906474
0.906449
0.906391
0.906821
0.906914
0.906737
0.906636
0.906521
0.906449
0.9064
0.906398
0.90636
0.906862
0.906929
0.906749
0.906634
0.906502
0.906411
0.906363
0.906342
0.906363
0.906341
0.90691
0.906949
0.906771
0.906643
0.906489
0.90638
0.906311
0.906295
0.906301
0.906346
0.906334
0.906964
0.906974
0.906805
0.906665
0.90649
0.906354
0.906262
0.906225
0.906241
0.906277
0.906347
0.906344
0.907021
0.907004
0.906849
0.906702
0.906506
0.906343
0.906216
0.906156
0.906156
0.906207
0.906271
0.90636
0.906364
0.907078
0.907038
0.906904
0.906753
0.906543
0.90635
0.906184
0.906087
0.906066
0.906107
0.906192
0.906279
0.906381
0.906393
0.907134
0.907076
0.906971
0.906819
0.906601
0.906381
0.906172
0.906029
0.905969
0.905994
0.906078
0.906193
0.906301
0.90641
0.906428
0.907194
0.907114
0.907039
0.906896
0.90668
0.906439
0.906189
0.905992
0.90588
0.905869
0.905945
0.906069
0.90621
0.906333
0.906447
0.906467
0.907253
0.907153
0.907111
0.906984
0.906781
0.906525
0.906238
0.905986
0.905808
0.905744
0.905791
0.905918
0.906078
0.90624
0.906371
0.906491
0.906508
0.907312
0.907193
0.907184
0.907079
0.906897
0.906637
0.906324
0.906017
0.905767
0.905632
0.90563
0.905739
0.905915
0.906104
0.906281
0.906415
0.906537
0.90655
0.907369
0.907231
0.907255
0.907178
0.907022
0.906773
0.906446
0.906093
0.905769
0.905548
0.905471
0.90554
0.905714
0.905932
0.906143
0.906329
0.906462
0.906583
0.906591
0.907422
0.907264
0.907322
0.907277
0.907154
0.906927
0.906604
0.906216
0.905823
0.905507
0.905335
0.905335
0.905482
0.905714
0.905967
0.906193
0.906381
0.906511
0.906628
0.906631
0.90747
0.907293
0.907386
0.907373
0.907289
0.907094
0.906789
0.906385
0.905934
0.905525
0.905238
0.905139
0.905229
0.905455
0.905739
0.906016
0.906249
0.906436
0.906559
0.906671
0.906667
0.907511
0.90732
0.907448
0.907463
0.907421
0.907268
0.906993
0.906594
0.906105
0.90561
0.905203
0.904977
0.904973
0.905159
0.905459
0.905782
0.906075
0.906309
0.90649
0.906605
0.906711
0.906701
0.907546
0.907344
0.907504
0.907546
0.907548
0.907442
0.90721
0.906835
0.906334
0.90577
0.905245
0.904873
0.904735
0.904843
0.905127
0.905489
0.905841
0.906141
0.90637
0.906542
0.906648
0.906748
0.906731
0.907575
0.907365
0.907554
0.907621
0.907667
0.907611
0.907432
0.907099
0.906612
0.906006
0.905376
0.904853
0.904549
0.904528
0.904754
0.90513
0.905541
0.905911
0.90621
0.90643
0.906591
0.906688
0.90678
0.906757
0.907599
0.907383
0.907599
0.907687
0.907776
0.907771
0.907652
0.907376
0.906924
0.90631
0.9056
0.904933
0.904445
0.904247
0.904363
0.904711
0.905164
0.90561
0.905987
0.906279
0.906487
0.906637
0.906723
0.906808
0.906781
0.907619
0.907398
0.907638
0.907746
0.907874
0.907917
0.907861
0.907655
0.907261
0.906668
0.90592
0.905127
0.904452
0.904042
0.903984
0.904249
0.904709
0.905223
0.90569
0.906065
0.906345
0.906539
0.906677
0.906754
0.906833
0.906803
0.907634
0.907409
0.90767
0.907796
0.90796
0.908049
0.908057
0.907925
0.907607
0.907067
0.906316
0.905439
0.904589
0.90395
0.903663
0.903772
0.904184
0.904743
0.905301
0.905776
0.906142
0.906407
0.906586
0.906713
0.906781
0.906857
0.906825
0.907643
0.907418
0.907697
0.907839
0.908035
0.908165
0.908235
0.90818
0.90795
0.907489
0.906778
0.905863
0.904869
0.904003
0.903449
0.903326
0.903617
0.904168
0.904805
0.90539
0.905864
0.906216
0.906464
0.906628
0.906744
0.906807
0.906881
0.906847
0.907647
0.907424
0.907718
0.907874
0.908098
0.908266
0.908393
0.908415
0.908279
0.907918
0.907282
0.906374
0.905293
0.904222
0.903386
0.902973
0.903049
0.903522
0.904196
0.904889
0.905485
0.905949
0.906283
0.906513
0.906665
0.906774
0.906833
0.906904
0.906868
0.907646
0.907427
0.907733
0.907901
0.90815
0.908352
0.908531
0.908625
0.908586
0.908337
0.907806
0.906959
0.905845
0.904616
0.903512
0.902767
0.902539
0.902837
0.90348
0.904256
0.904986
0.905582
0.90603
0.906343
0.906559
0.906702
0.906805
0.906859
0.906927
0.90689
0.90764
0.907426
0.907744
0.907921
0.908193
0.908424
0.90865
0.908809
0.908864
0.908733
0.90833
0.907589
0.906502
0.905185
0.903844
0.902765
0.902171
0.902178
0.902694
0.903489
0.90434
0.905087
0.905675
0.906102
0.906399
0.906603
0.906738
0.906834
0.906885
0.90695
0.906911
0.90763
0.907421
0.907748
0.907935
0.908226
0.908481
0.908749
0.908968
0.90911
0.909098
0.908837
0.908235
0.907238
0.905896
0.904389
0.902995
0.902006
0.901625
0.901888
0.902615
0.903538
0.90444
0.905191
0.90576
0.90617
0.906453
0.906646
0.906773
0.906864
0.90691
0.906972
0.906931
0.907616
0.907412
0.907748
0.907942
0.908249
0.908526
0.908829
0.909102
0.909323
0.909423
0.909309
0.908873
0.908017
0.906728
0.905133
0.903477
0.902096
0.901269
0.901147
0.901675
0.902592
0.903615
0.904546
0.905287
0.905843
0.906237
0.906507
0.90669
0.906809
0.906893
0.906935
0.906995
0.906952
0.907594
0.9074
0.907742
0.907943
0.908263
0.908559
0.908892
0.909211
0.909504
0.909706
0.909739
0.909481
0.908805
0.907643
0.906037
0.904213
0.902475
0.90118
0.900585
0.900755
0.901536
0.902611
0.903709
0.904647
0.905384
0.905925
0.906304
0.906561
0.906733
0.906843
0.906921
0.906959
0.907016
0.906971
0.907563
0.907381
0.907731
0.907938
0.908269
0.908582
0.908939
0.909297
0.909652
0.909949
0.910118
0.910041
0.909576
0.908599
0.907082
0.905169
0.903151
0.901411
0.900283
0.899966
0.90045
0.901463
0.902667
0.903809
0.904757
0.905483
0.906009
0.906373
0.906615
0.906776
0.906877
0.906948
0.906983
0.907037
0.906991
0.907513
0.907345
0.907714
0.907927
0.908267
0.908593
0.908972
0.909363
0.909771
0.91015
0.910443
0.910544
0.910301
0.909556
0.90821
0.906307
0.904116
0.901984
0.900325
0.899437
0.899451
0.900227
0.901444
0.902739
0.903923
0.90487
0.905586
0.906094
0.906441
0.906669
0.906818
0.90691
0.906975
0.907006
0.907057
0.90701
0.907423
0.907282
0.907687
0.90791
0.908258
0.908595
0.908992
0.90941
0.909862
0.910313
0.910717
0.910982
0.910965
0.910483
0.909373
0.907599
0.905321
0.902904
0.900749
0.899255
0.898677
0.899029
0.900082
0.901457
0.902842
0.904044
0.904992
0.905692
0.906181
0.906509
0.906722
0.906859
0.906942
0.907002
0.907029
0.907077
0.907028
0.90716
0.907186
0.907633
0.90788
0.908242
0.908588
0.909
0.909441
0.909929
0.910439
0.910939
0.911351
0.911549
0.911344
0.910531
0.908978
0.906743
0.904133
0.901566
0.899487
0.898242
0.898003
0.898701
0.899991
0.901519
0.902965
0.904179
0.905119
0.9058
0.906267
0.906577
0.906774
0.906899
0.906973
0.907028
0.907051
0.907097
0.907046
0.906559
0.906925
0.907549
0.907824
0.908213
0.908574
0.908998
0.909457
0.909974
0.910533
0.911114
0.911656
0.91205
0.912125
0.91164
0.910388
0.908324
0.905637
0.90277
0.90016
0.898245
0.897314
0.897452
0.898451
0.899975
0.901609
0.903105
0.904326
0.905252
0.90591
0.906354
0.906644
0.906826
0.906939
0.907004
0.907054
0.907073
0.907115
0.907063
0.903026
0.906337
0.907263
0.907738
0.908156
0.908545
0.908985
0.909459
0.910002
0.910598
0.911246
0.911898
0.912468
0.912804
0.912664
0.911782
0.909994
0.907385
0.90431
0.901274
0.89873
0.897066
0.896506
0.896998
0.898298
0.9
0.901729
0.903262
0.904481
0.905388
0.906021
0.906441
0.90671
0.906876
0.906976
0.907034
0.907078
0.907094
0.907133
0.90708
0.902808
0.903026
0.906657
0.90745
0.908065
0.908487
0.908956
0.90945
0.910011
0.910641
0.91134
0.912083
0.912805
0.913376
0.91358
0.913109
0.911696
0.909297
0.906159
0.902788
0.899706
0.89733
0.89599
0.895796
0.896654
0.898204
0.900068
0.901876
0.90343
0.904645
0.905528
0.906132
0.906527
0.906775
0.906925
0.907013
0.907064
0.907102
0.907114
0.90715
0.907096
0.903086
0.902808
0.906559
0.90685
0.907769
0.908391
0.908897
0.909423
0.910006
0.910661
0.911404
0.912218
0.913066
0.913846
0.914367
0.914329
0.913373
0.911309
0.908269
0.904687
0.901147
0.898132
0.896009
0.895034
0.895224
0.896379
0.898158
0.900166
0.90205
0.903617
0.904816
0.90567
0.906244
0.906612
0.906839
0.906972
0.907049
0.907092
0.907125
0.907133
0.907167
0.907112
0.903252
0.903086
0.906337
0.90716
0.90716
0.908089
0.908795
0.909362
0.90998
0.910662
0.911439
0.912312
0.91326
0.914214
0.91502
0.915402
0.914961
0.913359
0.910558
0.906923
0.903023
0.899448
0.896603
0.89481
0.894207
0.894722
0.896156
0.898163
0.900302
0.902245
0.903816
0.904993
0.905813
0.906355
0.906696
0.906901
0.907017
0.907085
0.907119
0.907146
0.907152
0.907183
0.907127
0.903531
0.903252
0.906657
0.906925
0.907423
0.907479
0.908488
0.909255
0.909918
0.910639
0.911449
0.912369
0.913397
0.914492
0.915543
0.916313
0.916417
0.915379
0.912973
0.90943
0.905313
0.901245
0.897755
0.895188
0.893718
0.89342
0.894262
0.89599
0.89822
0.900476
0.902461
0.904027
0.905175
0.905958
0.906465
0.906778
0.906961
0.907061
0.907119
0.907146
0.907168
0.907169
0.907198
0.907142
0.903814
0.903531
0.90685
0.907263
0.907186
0.907513
0.907874
0.90894
0.909808
0.910575
0.91143
0.912391
0.913484
0.914693
0.915944
0.917057
0.917682
0.917291
0.91544
0.912153
0.907947
0.903512
0.899431
0.89616
0.893857
0.892671
0.892681
0.893856
0.895887
0.898325
0.900688
0.902696
0.904249
0.905359
0.906102
0.906574
0.906859
0.907018
0.907105
0.907151
0.907171
0.907188
0.907187
0.907213
0.907156
0.904171
0.903814
0.90716
0.90745
0.907549
0.907282
0.907563
0.908326
0.909485
0.910463
0.911365
0.91238
0.913526
0.914824
0.916238
0.91764
0.91874
0.919037
0.917882
0.915038
0.910892
0.906199
0.901614
0.897693
0.894621
0.892542
0.891624
0.89199
0.893513
0.895849
0.898476
0.900932
0.902953
0.90448
0.905546
0.906246
0.906681
0.906936
0.907074
0.907147
0.907183
0.907195
0.907207
0.907203
0.907227
0.907169
0.904581
0.904171
0.907479
0.907769
0.907738
0.907633
0.907345
0.907594
0.908869
0.910129
0.911252
0.912315
0.913527
0.914895
0.916435
0.918073
0.91959
0.920539
0.920202
0.91801
0.914103
0.909258
0.904268
0.899753
0.895978
0.893059
0.891198
0.890609
0.891346
0.893243
0.895882
0.898681
0.901209
0.903226
0.904717
0.905735
0.906389
0.906787
0.907011
0.907129
0.907187
0.907213
0.907218
0.907225
0.907218
0.907241
0.907182
0.90508
0.904581
0.907874
0.908089
0.908065
0.907824
0.907687
0.907381
0.907616
0.909518
0.910904
0.9122
0.913463
0.914914
0.91655
0.918372
0.920236
0.921777
0.922321
0.920978
0.917533
0.912675
0.907346
0.902321
0.897858
0.894201
0.89144
0.889848
0.889597
0.890767
0.893054
0.895987
0.898937
0.901504
0.903514
0.904958
0.905923
0.90653
0.906889
0.907082
0.907183
0.907226
0.907242
0.907239
0.907243
0.907233
0.907253
0.907194
0.905677
0.905079
0.908326
0.908488
0.908391
0.908156
0.90788
0.907714
0.9074
0.90763
0.910305
0.911829
0.913349
0.914855
0.916598
0.918554
0.920693
0.92275
0.924131
0.923827
0.921115
0.916423
0.910836
0.905346
0.900272
0.895894
0.892323
0.889777
0.888496
0.888664
0.890266
0.892954
0.896156
0.899243
0.901836
0.903815
0.905203
0.906111
0.906668
0.906988
0.907152
0.907234
0.907263
0.907269
0.90726
0.90726
0.907247
0.907266
0.907206
0.906403
0.905676
0.90887
0.90894
0.908795
0.908487
0.908213
0.90791
0.907731
0.907412
0.90764
0.911259
0.912966
0.914744
0.91655
0.918645
0.920985
0.923459
0.925596
0.926444
0.924752
0.920472
0.914724
0.908811
0.903162
0.898091
0.893797
0.890373
0.888085
0.887175
0.887793
0.889856
0.892949
0.896393
0.899593
0.90219
0.904126
0.90545
0.906296
0.906804
0.907081
0.907221
0.907283
0.907298
0.907295
0.90728
0.907275
0.907261
0.907277
0.907217
0.907284
0.906403
0.909518
0.909485
0.909255
0.908897
0.908545
0.908242
0.907927
0.907742
0.907421
0.907646
0.91242
0.914349
0.916443
0.918619
0.921147
0.923931
0.926711
0.928674
0.92831
0.924782
0.919017
0.912711
0.906489
0.900778
0.895771
0.891561
0.88836
0.886379
0.885869
0.886997
0.889549
0.89304
0.896704
0.899977
0.902566
0.904444
0.905697
0.90648
0.906935
0.907172
0.907288
0.90733
0.907332
0.90732
0.907299
0.907291
0.907273
0.907288
0.907228
0.908359
0.907284
0.910305
0.910129
0.909808
0.909362
0.908956
0.908574
0.908258
0.907938
0.907748
0.907426
0.907647
0.913825
0.91604
0.918522
0.921158
0.924211
0.927486
0.930436
0.931613
0.929262
0.923723
0.917059
0.910244
0.903895
0.898205
0.893285
0.889251
0.886299
0.884673
0.884632
0.886294
0.889358
0.893225
0.897083
0.9004
0.902961
0.904766
0.905943
0.90666
0.907061
0.907261
0.907351
0.907375
0.907363
0.907343
0.907316
0.907305
0.907285
0.907299
0.907238
0.909672
0.908359
0.911259
0.910904
0.910463
0.909918
0.909423
0.908985
0.908588
0.908267
0.907943
0.907748
0.907427
0.907643
0.915511
0.918114
0.921077
0.924287
0.927971
0.931729
0.934461
0.933778
0.928838
0.921892
0.914429
0.907408
0.90105
0.89545
0.890662
0.88685
0.884204
0.88299
0.883482
0.885704
0.889292
0.893499
0.897527
0.900862
0.90337
0.905091
0.906187
0.906836
0.90718
0.907348
0.907412
0.907417
0.907394
0.907366
0.907333
0.907318
0.907297
0.907308
0.907248
0.91128
0.909671
0.91242
0.911829
0.911252
0.910575
0.90998
0.90945
0.908998
0.908595
0.908269
0.907942
0.907744
0.907424
0.907634
0.917576
0.920671
0.924245
0.928166
0.932593
0.936655
0.938069
0.934333
0.927256
0.919067
0.911299
0.904259
0.897985
0.892509
0.887939
0.884392
0.882093
0.881354
0.882418
0.885243
0.889358
0.893876
0.898028
0.901353
0.903789
0.905416
0.906427
0.907005
0.907297
0.907432
0.907469
0.907458
0.907422
0.907386
0.907349
0.907331
0.907307
0.907318
0.907257
0.913262
0.911279
0.913825
0.912966
0.9122
0.911365
0.910639
0.910006
0.909459
0.909
0.908593
0.908263
0.907935
0.907733
0.907418
0.907619
0.920107
0.92384
0.92819
0.933028
0.938208
0.941917
0.940088
0.933209
0.924144
0.915557
0.907774
0.900827
0.894706
0.889454
0.885122
0.881882
0.879984
0.879752
0.881467
0.884928
0.889554
0.894346
0.898568
0.901871
0.904215
0.90574
0.906663
0.907166
0.907412
0.907512
0.907524
0.907496
0.907449
0.907406
0.907363
0.907343
0.907317
0.907326
0.907265
0.915714
0.913261
0.915511
0.914349
0.913349
0.912315
0.91143
0.910662
0.910011
0.909457
0.908992
0.908582
0.908249
0.907921
0.907718
0.907409
0.907599
0.923241
0.927803
0.933183
0.939128
0.944919
0.94584
0.939868
0.929692
0.920128
0.911535
0.903898
0.897156
0.891285
0.886274
0.882234
0.879344
0.877897
0.87827
0.880651
0.884777
0.889871
0.894911
0.899171
0.90241
0.904644
0.90606
0.906891
0.90732
0.907523
0.907587
0.907576
0.907532
0.907474
0.907424
0.907377
0.907354
0.907327
0.907335
0.907273
0.918775
0.915713
0.917577
0.91604
0.914744
0.913463
0.91238
0.911449
0.910661
0.910002
0.909441
0.908972
0.908559
0.908226
0.907901
0.907697
0.907398
0.907575
0.927145
0.932859
0.939536
0.946967
0.951237
0.947428
0.935654
0.924967
0.915459
0.907091
0.899756
0.893325
0.887726
0.88301
0.87929
0.876789
0.875869
0.876894
0.879997
0.884803
0.890329
0.895555
0.899814
0.902964
0.905073
0.906376
0.907112
0.907472
0.907629
0.90766
0.907625
0.907565
0.907498
0.907442
0.90739
0.907365
0.907336
0.907342
0.907281
0.922628
0.918774
0.920107
0.918114
0.916443
0.914855
0.913527
0.912391
0.911439
0.910641
0.909974
0.90941
0.908939
0.908526
0.908193
0.907874
0.90767
0.907383
0.907546
0.932176
0.939312
0.948255
0.955473
0.956088
0.941841
0.929891
0.919396
0.910303
0.902409
0.895457
0.889351
0.884071
0.87967
0.876306
0.874245
0.87388
0.875648
0.879525
0.885006
0.890916
0.896259
0.900496
0.903527
0.905501
0.906686
0.907319
0.907621
0.90773
0.907728
0.907672
0.907597
0.907521
0.907458
0.907402
0.907375
0.907344
0.907349
0.907287
0.927642
0.922627
0.923241
0.920671
0.918522
0.91655
0.914914
0.913526
0.912369
0.911404
0.910598
0.909929
0.909363
0.908892
0.908481
0.90815
0.907839
0.907638
0.907365
0.907511
0.938669
0.948671
0.958252
0.965707
0.947816
0.934679
0.923127
0.913391
0.904973
0.897559
0.891022
0.885282
0.880333
0.876278
0.8733
0.871725
0.872022
0.874563
0.879262
0.885375
0.891633
0.897042
0.901207
0.904095
0.905924
0.906985
0.907521
0.907763
0.907826
0.907792
0.907715
0.907627
0.907542
0.907473
0.907414
0.907384
0.907351
0.907356
0.907294
0.93394
0.927641
0.927145
0.92384
0.921077
0.918619
0.916598
0.914895
0.913484
0.912312
0.91134
0.910533
0.909862
0.909297
0.908829
0.908424
0.908098
0.907796
0.907599
0.907344
0.90747
0.948513
0.959622
0.975696
0.952882
0.93896
0.926419
0.916134
0.90728
0.899509
0.892625
0.886513
0.881136
0.876538
0.872845
0.870287
0.869269
0.870292
0.873674
0.879234
0.885931
0.892462
0.897888
0.90194
0.904664
0.906341
0.90727
0.907719
0.907899
0.907917
0.907853
0.907756
0.907655
0.907561
0.907487
0.907424
0.907393
0.907358
0.907362
0.9073
0.94387
0.93394
0.932176
0.927803
0.924245
0.921158
0.918645
0.91655
0.914824
0.913397
0.912218
0.911246
0.910439
0.909771
0.909211
0.908749
0.908352
0.908035
0.907746
0.907554
0.90732
0.907422
0.959357
0.987396
0.95695
0.94213
0.929063
0.918369
0.909195
0.901176
0.894041
0.887648
0.881945
0.876938
0.872697
0.869389
0.867292
0.866867
0.868711
0.87301
0.879441
0.886667
0.893391
0.898784
0.902686
0.90523
0.906748
0.90754
0.907911
0.908027
0.908003
0.90791
0.907795
0.907681
0.907579
0.9075
0.907434
0.907401
0.907365
0.907368
0.907306
0.955472
0.94387
0.938669
0.932859
0.92819
0.924287
0.921147
0.918554
0.916435
0.914693
0.91326
0.912083
0.911114
0.910313
0.909652
0.909102
0.90865
0.908266
0.90796
0.907687
0.907504
0.907293
0.907369
0.997167
0.958986
0.944362
0.930838
0.920005
0.910634
0.902453
0.895162
0.888587
0.882654
0.877346
0.8727
0.868826
0.865921
0.864328
0.864608
0.867316
0.872608
0.87987
0.887578
0.894402
0.899723
0.903438
0.90579
0.907139
0.907806
0.908094
0.90815
0.908083
0.907964
0.907831
0.907706
0.907596
0.907512
0.907444
0.907408
0.907371
0.907373
0.907311
1.01049
0.955471
0.948514
0.939312
0.933183
0.928166
0.924211
0.920985
0.918372
0.916238
0.914492
0.913066
0.911898
0.910939
0.91015
0.909504
0.908968
0.908531
0.908165
0.907874
0.907621
0.907448
0.907264
0.907312
0.963686
0.945436
0.931986
0.920955
0.911579
0.903312
0.895929
0.889252
0.883172
0.877657
0.872722
0.868435
0.864934
0.862459
0.861433
0.862489
0.866153
0.872511
0.880554
0.888651
0.895512
0.900693
0.904191
0.906341
0.907509
0.908065
0.908269
0.908265
0.908159
0.908015
0.907865
0.907729
0.907612
0.907523
0.907452
0.907415
0.907377
0.907378
0.907315
0.953265
1.01049
0.959357
0.948671
0.939536
0.933028
0.927971
0.923931
0.920693
0.918073
0.915944
0.914214
0.912805
0.911656
0.910717
0.909949
0.909323
0.908809
0.908393
0.908049
0.907776
0.907546
0.907386
0.907231
0.907253
0.947413
0.932444
0.921528
0.912005
0.903783
0.896345
0.889607
0.883445
0.877798
0.872663
0.868082
0.864147
0.861031
0.85902
0.858607
0.860538
0.865263
0.872721
0.88148
0.889865
0.89669
0.90168
0.90494
0.906874
0.907864
0.908314
0.908434
0.908374
0.908231
0.908062
0.907896
0.90775
0.907627
0.907534
0.90746
0.907421
0.907382
0.907382
0.90732
0.944302
0.953265
0.997167
0.959622
0.948255
0.939128
0.932593
0.927486
0.923459
0.920236
0.91764
0.915543
0.913846
0.912468
0.911351
0.910443
0.909706
0.90911
0.908625
0.908235
0.907917
0.907667
0.907463
0.907322
0.907193
0.907194
0.93377
0.921509
0.912252
0.903873
0.89647
0.889679
0.883461
0.877729
0.87246
0.867673
0.863429
0.859846
0.857131
0.85562
0.855923
0.8588
0.864695
0.873232
0.882644
0.89118
0.897928
0.902676
0.90568
0.907385
0.908213
0.908552
0.908591
0.908476
0.908297
0.908106
0.907925
0.907769
0.907641
0.907543
0.907468
0.907427
0.907387
0.907386
0.907324
0.930065
0.944302
0.963686
0.987397
0.958252
0.946967
0.938208
0.931729
0.926711
0.92275
0.91959
0.917057
0.91502
0.913376
0.91205
0.910982
0.910118
0.909423
0.908864
0.908415
0.908057
0.907771
0.907548
0.907373
0.907255
0.907153
0.907134
0.922496
0.911946
0.90387
0.896312
0.889542
0.883252
0.877452
0.872084
0.867149
0.862683
0.858765
0.855538
0.853241
0.852294
0.85339
0.857327
0.864516
0.87408
0.884035
0.892637
0.899208
0.903673
0.906408
0.907866
0.908553
0.908776
0.908738
0.908571
0.90836
0.908147
0.907952
0.907788
0.907653
0.907552
0.907474
0.907433
0.907391
0.90739
0.907327
0.918661
0.930065
0.947413
0.958986
0.975696
0.955473
0.944919
0.936655
0.930436
0.925596
0.921777
0.91874
0.916313
0.914367
0.912804
0.911549
0.910544
0.909739
0.909098
0.908586
0.90818
0.907861
0.907611
0.907421
0.907277
0.907184
0.907114
0.907078
0.912815
0.903457
0.896151
0.889197
0.882907
0.877008
0.87155
0.866491
0.861856
0.857692
0.854093
0.851228
0.849382
0.849041
0.851038
0.85618
0.864725
0.875259
0.885616
0.894185
0.900512
0.904664
0.907106
0.908335
0.908876
0.90899
0.908875
0.908661
0.908418
0.908185
0.907977
0.907804
0.907665
0.90756
0.907481
0.907437
0.907395
0.907393
0.90733
0.908812
0.918661
0.93377
0.945436
0.95695
0.965707
0.951237
0.941917
0.934461
0.928674
0.924131
0.920539
0.917682
0.915402
0.91358
0.912125
0.910965
0.910041
0.909309
0.908733
0.908279
0.907925
0.907652
0.907442
0.907289
0.907178
0.907111
0.907076
0.907021
0.904007
0.895632
0.888916
0.882414
0.876487
0.870894
0.865723
0.860934
0.856572
0.852694
0.849413
0.846924
0.845569
0.84592
0.848918
0.85543
0.865355
0.876756
0.887333
0.895814
0.901827
0.905642
0.90777
0.908795
0.909184
0.909189
0.909004
0.908745
0.908472
0.90822
0.908001
0.90782
0.907675
0.907568
0.907487
0.907442
0.907399
0.907396
0.907333
0.900084
0.908812
0.922495
0.932444
0.944362
0.952882
0.956088
0.94584
0.938069
0.931613
0.926444
0.922321
0.919037
0.916417
0.914329
0.912664
0.911344
0.910301
0.909481
0.908837
0.908337
0.90795
0.907655
0.907432
0.907268
0.907154
0.907079
0.907039
0.907038
0.906964
0.896058
0.888321
0.882044
0.875872
0.870215
0.864876
0.859944
0.855394
0.851286
0.847687
0.844727
0.842637
0.841827
0.842949
0.847101
0.855156
0.866426
0.878565
0.889242
0.897497
0.903143
0.906593
0.908399
0.909237
0.909473
0.909377
0.909125
0.908822
0.908523
0.908253
0.908022
0.907834
0.907685
0.907575
0.907492
0.907446
0.907402
0.907399
0.907336
0.892094
0.900084
0.912815
0.921509
0.931986
0.94213
0.947816
0.947428
0.940088
0.933778
0.92831
0.923827
0.920202
0.917291
0.914961
0.913109
0.91164
0.910483
0.909576
0.908873
0.90833
0.907918
0.907607
0.907376
0.90721
0.907094
0.907022
0.906984
0.906971
0.907004
0.90691
0.888657
0.881379
0.87541
0.869493
0.864051
0.858912
0.85419
0.849859
0.84599
0.842669
0.840038
0.838387
0.838151
0.84015
0.845663
0.855375
0.86795
0.880625
0.89127
0.899215
0.904448
0.907506
0.90902
0.909657
0.909747
0.909552
0.909238
0.908895
0.908569
0.908283
0.908042
0.907847
0.907694
0.907581
0.907497
0.90745
0.907405
0.907401
0.907338
0.884655
0.892094
0.904007
0.911946
0.921528
0.930838
0.93896
0.941841
0.939868
0.934333
0.929262
0.924752
0.920978
0.917882
0.915379
0.913373
0.911782
0.910531
0.909556
0.908805
0.908235
0.907806
0.907489
0.907261
0.907099
0.906993
0.906927
0.906897
0.906896
0.906904
0.906974
0.906862
0.881652
0.874692
0.868953
0.863217
0.857946
0.852983
0.848439
0.844314
0.84068
0.837638
0.835359
0.834185
0.834589
0.837588
0.844717
0.856185
0.869894
0.882867
0.893404
0.900945
0.905735
0.908362
0.909623
0.910054
0.910003
0.909716
0.909342
0.908962
0.908613
0.908311
0.90806
0.907859
0.907702
0.907587
0.907501
0.907453
0.907408
0.907403
0.90734
0.877616
0.884656
0.896058
0.903457
0.912252
0.920955
0.929063
0.934679
0.935654
0.933209
0.928839
0.924782
0.921115
0.91801
0.91544
0.913359
0.911696
0.910389
0.909373
0.908599
0.908017
0.907589
0.907282
0.907067
0.906924
0.906835
0.906789
0.906773
0.906781
0.906819
0.906849
0.906949
0.906821
0.87491
0.868176
0.862601
0.857016
0.851866
0.84706
0.842682
0.838748
0.835349
0.832597
0.830703
0.830053
0.831144
0.835354
0.844336
0.857581
0.872256
0.885358
0.895608
0.902673
0.906972
0.909196
0.910197
0.910429
0.910241
0.909868
0.90944
0.909024
0.908652
0.908337
0.908077
0.90787
0.90771
0.907592
0.907505
0.907456
0.90741
0.907405
0.907343
0.870819
0.877616
0.888656
0.895633
0.90387
0.912005
0.920005
0.926419
0.929891
0.929692
0.927256
0.923723
0.920472
0.917533
0.915038
0.912973
0.911309
0.909994
0.908978
0.90821
0.907643
0.907238
0.906959
0.906778
0.906668
0.906612
0.906594
0.906604
0.906637
0.90668
0.906753
0.906805
0.906929
0.906788
0.868352
0.861759
0.856319
0.850841
0.845792
0.841114
0.836901
0.833158
0.829997
0.82755
0.826094
0.825969
0.827822
0.833579
0.844648
0.85959
0.874942
0.888004
0.897855
0.904385
0.90815
0.91001
0.910742
0.910778
0.910464
0.910009
0.90953
0.909081
0.908689
0.90836
0.908092
0.907881
0.907716
0.907597
0.907509
0.907458
0.907412
0.907406
0.907345
0.864206
0.87082
0.881652
0.888321
0.896151
0.903873
0.911579
0.918369
0.923127
0.924967
0.924144
0.921892
0.919017
0.916423
0.914103
0.912153
0.910558
0.909297
0.908324
0.907599
0.907082
0.906728
0.906502
0.906374
0.906316
0.90631
0.906334
0.906385
0.906446
0.906525
0.906601
0.906702
0.906771
0.906914
0.906764
0.861895
0.855419
0.850062
0.844667
0.839706
0.835138
0.831081
0.827536
0.824629
0.82252
0.821551
0.821934
0.824691
0.832396
0.845761
0.862151
0.87787
0.890783
0.900117
0.906057
0.909264
0.910795
0.911251
0.911104
0.910671
0.910141
0.909613
0.909134
0.908723
0.908382
0.908106
0.90789
0.907723
0.907601
0.907512
0.907461
0.907414
0.907407
0.907347
0.85768
0.864206
0.87491
0.881379
0.888916
0.896312
0.903783
0.910634
0.916134
0.919396
0.920128
0.919067
0.917059
0.914724
0.912675
0.910892
0.90943
0.908269
0.907385
0.906743
0.906307
0.906037
0.905896
0.905845
0.905863
0.90592
0.906006
0.906105
0.906216
0.906324
0.906439
0.906543
0.906665
0.906749
0.906905
0.906751
0.855521
0.849086
0.843807
0.838469
0.833583
0.829124
0.825219
0.82188
0.819236
0.81754
0.817081
0.817873
0.8219
0.832012
0.847678
0.865246
0.881101
0.893647
0.90237
0.90766
0.910365
0.911537
0.911732
0.911407
0.910862
0.910262
0.909689
0.909183
0.908754
0.908402
0.908119
0.907898
0.907728
0.907605
0.907515
0.907463
0.907416
0.907408
0.907349
0.851237
0.85768
0.868352
0.874692
0.882044
0.889197
0.89647
0.903312
0.909195
0.913391
0.915459
0.915557
0.914429
0.912711
0.910836
0.909258
0.907947
0.906923
0.906159
0.905637
0.905321
0.905169
0.905133
0.905185
0.905293
0.905439
0.9056
0.90577
0.905934
0.906093
0.906238
0.906381
0.906506
0.906643
0.906737
0.906901
0.906748
0.849152
0.842745
0.837529
0.832227
0.827412
0.823061
0.819314
0.816197
0.81384
0.812662
0.812574
0.813744
0.819679
0.832633
0.850397
0.868747
0.884527
0.896562
0.904598
0.909165
0.911427
0.912237
0.912178
0.911689
0.91104
0.910373
0.90976
0.909228
0.908782
0.90842
0.90813
0.907906
0.907733
0.907608
0.907518
0.907465
0.907417
0.907409
0.907351
0.844783
0.851238
0.861895
0.868176
0.87541
0.882414
0.889542
0.896345
0.902453
0.90728
0.910303
0.911535
0.911299
0.910244
0.908811
0.907346
0.906199
0.905313
0.904687
0.90431
0.904133
0.904116
0.904213
0.904389
0.904616
0.904869
0.905128
0.905376
0.90561
0.905823
0.906017
0.906189
0.90635
0.90649
0.906634
0.906734
0.9069
0.906761
0.842778
0.836372
0.831199
0.825928
0.821182
0.816941
0.813378
0.810472
0.808514
0.807941
0.807837
0.809695
0.818367
0.834362
0.85381
0.872544
0.888112
0.899494
0.906745
0.910631
0.91244
0.912892
0.912592
0.911949
0.911203
0.910476
0.909825
0.909268
0.908808
0.908436
0.908141
0.907912
0.907738
0.907611
0.90752
0.907466
0.907418
0.90741
0.907353
0.838318
0.844783
0.85552
0.86176
0.868953
0.875872
0.882907
0.889679
0.895929
0.901176
0.904973
0.907091
0.907775
0.907408
0.906489
0.905346
0.904268
0.903512
0.903023
0.902788
0.90277
0.902904
0.903151
0.903477
0.903844
0.904222
0.904589
0.904933
0.905245
0.905525
0.905769
0.905986
0.906172
0.906343
0.906489
0.906636
0.906736
0.906901
0.906767
0.836373
0.829942
0.824806
0.819564
0.814881
0.810773
0.807403
0.80473
0.803394
0.803157
0.802605
0.806159
0.818395
0.837144
0.857868
0.876702
0.891795
0.902408
0.908785
0.912059
0.913395
0.913502
0.912975
0.91219
0.911353
0.91057
0.909884
0.909306
0.908831
0.908451
0.90815
0.907918
0.907742
0.907614
0.907522
0.907468
0.907419
0.90741
0.907355
0.831819
0.838319
0.849152
0.855419
0.862602
0.869493
0.876487
0.883252
0.889607
0.895162
0.899509
0.902409
0.903898
0.904259
0.903895
0.903162
0.902321
0.901614
0.901245
0.901148
0.901274
0.901566
0.901984
0.902475
0.902995
0.903512
0.904003
0.904452
0.904853
0.905203
0.905507
0.905767
0.905992
0.906184
0.906354
0.906502
0.906643
0.906745
0.906905
0.906859
0.829905
0.823444
0.818341
0.813119
0.808511
0.804572
0.801358
0.799091
0.798724
0.79769
0.796773
0.803744
0.819896
0.84089
0.862395
0.881087
0.895536
0.905258
0.910724
0.913432
0.914286
0.914068
0.913329
0.91241
0.911491
0.910656
0.909937
0.909339
0.908853
0.908464
0.908159
0.907924
0.907745
0.907617
0.907524
0.907469
0.90742
0.907411
0.907357
0.825251
0.83182
0.842778
0.849086
0.856319
0.863217
0.870215
0.877008
0.883461
0.889252
0.894041
0.897559
0.899756
0.900827
0.90105
0.900778
0.900272
0.899753
0.899431
0.899448
0.899706
0.90016
0.900749
0.901411
0.902096
0.902765
0.903387
0.90395
0.904445
0.904873
0.905238
0.905548
0.905808
0.906029
0.906216
0.90638
0.906521
0.906657
0.906751
0.906902
0.906702
0.823355
0.816872
0.81179
0.806589
0.802097
0.798314
0.795279
0.793954
0.793859
0.790801
0.791429
0.803199
0.822782
0.84543
0.867265
0.885653
0.89929
0.907988
0.912635
0.914728
0.915121
0.91459
0.913654
0.912613
0.911617
0.910735
0.909986
0.90937
0.908872
0.908476
0.908166
0.907928
0.907748
0.907619
0.907526
0.90747
0.907421
0.907411
0.907359
0.818591
0.825251
0.836373
0.842745
0.850062
0.857016
0.864051
0.870894
0.877452
0.883445
0.888587
0.892625
0.895457
0.897156
0.897985
0.898205
0.898091
0.897858
0.897693
0.897755
0.898132
0.89873
0.899487
0.900325
0.90118
0.902006
0.902767
0.903449
0.904042
0.904549
0.904977
0.905335
0.905632
0.90588
0.906087
0.906262
0.906411
0.906546
0.906666
0.906772
0.906901
0.816733
0.810206
0.805145
0.799995
0.795644
0.791942
0.789393
0.789834
0.787233
0.782651
0.787964
0.804695
0.826841
0.850683
0.87253
0.890324
0.903008
0.910557
0.914477
0.915944
0.915892
0.915071
0.913953
0.912798
0.911732
0.910806
0.910031
0.909397
0.908889
0.908487
0.908173
0.907932
0.907751
0.90762
0.907527
0.907471
0.907422
0.907411
0.907361
0.811857
0.818591
0.829904
0.836372
0.843807
0.850841
0.857946
0.864876
0.87155
0.877729
0.883172
0.887648
0.891022
0.893325
0.894706
0.89545
0.895771
0.895894
0.895978
0.89616
0.896603
0.89733
0.898245
0.899255
0.900283
0.901269
0.902171
0.902973
0.903663
0.904247
0.904735
0.905139
0.905471
0.905744
0.905969
0.906156
0.906311
0.906449
0.906563
0.906686
0.906762
0.810003
0.80345
0.798412
0.793371
0.789075
0.785527
0.785056
0.784711
0.777389
0.774995
0.787445
0.807808
0.831931
0.85643
0.878049
0.89506
0.906593
0.913079
0.916226
0.917075
0.916602
0.915512
0.914225
0.912966
0.911836
0.91087
0.91007
0.909422
0.908904
0.908496
0.908178
0.907936
0.907753
0.907622
0.907528
0.907471
0.907422
0.907411
0.907362
0.805002
0.811858
0.823355
0.829942
0.837529
0.844667
0.851866
0.858912
0.865723
0.872084
0.877798
0.882654
0.886513
0.889351
0.891285
0.892509
0.893285
0.893797
0.894201
0.894621
0.895188
0.896009
0.897066
0.898242
0.899437
0.900585
0.901625
0.902539
0.903326
0.903985
0.904528
0.904973
0.905335
0.90563
0.905869
0.906066
0.906225
0.906363
0.906474
0.906594
0.906681
0.803179
0.796597
0.791647
0.786667
0.782335
0.780182
0.781967
0.775189
0.76509
0.77152
0.789317
0.812321
0.837816
0.862542
0.883763
0.8998
0.909993
0.915519
0.91787
0.918122
0.917254
0.915914
0.914473
0.913118
0.91193
0.910928
0.910106
0.909444
0.908917
0.908504
0.908183
0.907939
0.907755
0.907623
0.907529
0.907472
0.907422
0.907411
0.907363
0.798055
0.805002
0.816733
0.823444
0.8312
0.838469
0.845793
0.852983
0.859944
0.866491
0.87246
0.877657
0.881945
0.885282
0.887726
0.889454
0.890662
0.891561
0.892323
0.893059
0.893857
0.89481
0.89599
0.897314
0.898677
0.899966
0.901147
0.902178
0.903049
0.903772
0.904364
0.904843
0.905229
0.90554
0.905791
0.905994
0.906156
0.906295
0.9064
0.906514
0.906587
0.796244
0.789693
0.784835
0.779693
0.77603
0.778304
0.77458
0.759063
0.757117
0.772005
0.792984
0.817945
0.844407
0.869064
0.889596
0.904437
0.913274
0.917862
0.919396
0.919089
0.917851
0.91628
0.914697
0.913256
0.912014
0.91098
0.910137
0.909463
0.908929
0.908511
0.908187
0.907941
0.907756
0.907624
0.907529
0.907472
0.907423
0.907411
0.907363
0.790995
0.798055
0.810002
0.816872
0.824806
0.832227
0.839706
0.84706
0.85419
0.860934
0.867149
0.872663
0.877346
0.881136
0.884071
0.886274
0.887939
0.889251
0.890373
0.89144
0.892542
0.893718
0.895034
0.896506
0.898003
0.899451
0.900755
0.901888
0.902837
0.903617
0.904249
0.904754
0.905159
0.905482
0.905739
0.905945
0.906107
0.906241
0.906342
0.906449
0.906507
0.789211
0.782789
0.777695
0.772693
0.774073
0.774241
0.756227
0.744245
0.756269
0.774711
0.798093
0.824491
0.851491
0.87586
0.89549
0.908867
0.916481
0.920064
0.920819
0.919971
0.918394
0.916612
0.9149
0.913379
0.912089
0.911025
0.910165
0.909479
0.908938
0.908516
0.90819
0.907943
0.907757
0.907624
0.90753
0.907472
0.907423
0.907411
0.907363
0.783815
0.790996
0.803179
0.810206
0.818341
0.825928
0.833583
0.841114
0.848439
0.855394
0.861856
0.867673
0.872722
0.876938
0.880333
0.88301
0.885122
0.88685
0.88836
0.889777
0.891198
0.892671
0.894207
0.895796
0.897452
0.899029
0.90045
0.901675
0.902694
0.903522
0.904184
0.904711
0.905127
0.905455
0.905714
0.905918
0.906078
0.906207
0.906301
0.906398
0.906442
0.782198
0.775585
0.770243
0.770062
0.773187
0.755731
0.7331
0.742278
0.758153
0.779176
0.804269
0.831771
0.85894
0.882872
0.901357
0.913085
0.919573
0.922124
0.922123
0.920776
0.918885
0.916911
0.915081
0.91349
0.912156
0.911065
0.910189
0.909493
0.908946
0.908521
0.908192
0.907944
0.907757
0.907625
0.90753
0.907472
0.907423
0.907411
0.907363
0.776738
0.783815
0.796244
0.803449
0.81179
0.819564
0.827412
0.835138
0.842682
0.849859
0.856572
0.862683
0.868082
0.8727
0.876538
0.87967
0.882234
0.884392
0.886299
0.888085
0.889848
0.891624
0.89342
0.895224
0.896998
0.898701
0.900227
0.901536
0.902615
0.90348
0.904168
0.904709
0.90513
0.905459
0.905714
0.905915
0.906069
0.906192
0.906277
0.906363
0.906391
0.774908
0.76782
0.766644
0.771867
0.75619
0.723915
0.730233
0.743611
0.761917
0.784859
0.811356
0.839724
0.866819
0.890022
0.907033
0.917268
0.922502
0.924027
0.923314
0.921505
0.919328
0.917179
0.915243
0.913587
0.912214
0.9111
0.910209
0.909505
0.908952
0.908524
0.908194
0.907944
0.907758
0.907625
0.90753
0.907472
0.907423
0.907411
0.907362
0.76943
0.776739
0.78921
0.796597
0.805145
0.813119
0.821182
0.829124
0.836901
0.844314
0.851286
0.857692
0.863429
0.868435
0.872697
0.876278
0.87929
0.881882
0.884204
0.886379
0.888496
0.890609
0.892681
0.894722
0.896654
0.898451
0.900082
0.901463
0.902592
0.903489
0.904196
0.904743
0.905164
0.905489
0.905739
0.905932
0.906078
0.906193
0.906271
0.906346
0.90636
0.766921
0.763488
0.769696
0.756782
0.716672
0.72021
0.731202
0.746712
0.767051
0.79154
0.81926
0.848164
0.875009
0.89723
0.912422
0.921283
0.925242
0.925781
0.924397
0.922163
0.919725
0.917418
0.915386
0.913672
0.912265
0.911129
0.910226
0.909514
0.908957
0.908526
0.908195
0.907944
0.907758
0.907625
0.90753
0.907472
0.907423
0.907411
0.907361
0.761024
0.76943
0.782197
0.789693
0.798412
0.806589
0.814881
0.823061
0.831081
0.838748
0.84599
0.852694
0.858765
0.864147
0.868826
0.872845
0.876306
0.879344
0.882093
0.884673
0.887175
0.889597
0.89199
0.894262
0.896379
0.898298
0.899991
0.901444
0.902611
0.903538
0.904256
0.904805
0.905223
0.905541
0.905782
0.905967
0.906104
0.90621
0.906279
0.906347
0.906341
0.76207
0.768238
0.758036
0.711223
0.712268
0.720893
0.733719
0.751313
0.773177
0.799114
0.827856
0.856993
0.883456
0.90431
0.917744
0.925134
0.927783
0.927384
0.925375
0.922753
0.920078
0.917629
0.915512
0.913746
0.912307
0.911154
0.910239
0.90952
0.90896
0.908527
0.908195
0.907944
0.907757
0.907625
0.90753
0.907472
0.907423
0.907411
0.907359
0.75562
0.761024
0.774907
0.782789
0.791647
0.799995
0.808511
0.816941
0.825219
0.833158
0.84068
0.847687
0.854093
0.859846
0.864934
0.869389
0.8733
0.876789
0.879984
0.88299
0.885869
0.888664
0.891346
0.893856
0.896156
0.898204
0.899975
0.901457
0.902667
0.903615
0.90434
0.904889
0.905301
0.90561
0.905841
0.906016
0.906143
0.90624
0.906301
0.90636
0.906334
0.767058
0.757794
0.707272
0.706199
0.712616
0.72294
0.737818
0.756869
0.780259
0.807476
0.83713
0.866303
0.892062
0.91111
0.922892
0.928745
0.930129
0.928835
0.926253
0.923278
0.92039
0.917813
0.91562
0.913809
0.912343
0.911173
0.910248
0.909524
0.908961
0.908527
0.908194
0.907944
0.907757
0.907625
0.90753
0.907472
0.907422
0.907411
0.907357
0.760811
0.755621
0.766921
0.775585
0.784835
0.793371
0.802097
0.810773
0.819314
0.827536
0.835349
0.842669
0.849413
0.855538
0.861031
0.865921
0.870287
0.874245
0.877897
0.881354
0.884632
0.887793
0.890767
0.893513
0.89599
0.898158
0.9
0.901519
0.902739
0.903709
0.90444
0.904986
0.90539
0.90569
0.905911
0.906075
0.906193
0.906281
0.906333
0.906381
0.906344
0.759083
0.703799
0.701759
0.706243
0.714286
0.726579
0.742851
0.763384
0.78819
0.816604
0.846926
0.875998
0.90067
0.917783
0.927877
0.932115
0.932263
0.93014
0.927035
0.923741
0.920663
0.917972
0.915711
0.91386
0.91237
0.911186
0.910254
0.909526
0.908961
0.908526
0.908193
0.907944
0.907757
0.907625
0.90753
0.907472
0.907422
0.907411
0.907355
0.754881
0.760812
0.76207
0.76782
0.777695
0.786667
0.795644
0.804572
0.813378
0.82188
0.829997
0.837638
0.844727
0.851228
0.857131
0.862459
0.867292
0.871725
0.875869
0.879752
0.883482
0.886997
0.890266
0.893243
0.895887
0.898163
0.900068
0.901609
0.902842
0.903809
0.904546
0.905087
0.905485
0.905776
0.905987
0.906141
0.906249
0.906329
0.906371
0.90641
0.906364
0.701687
0.697728
0.701579
0.707602
0.717529
0.731151
0.748798
0.77077
0.796921
0.82644
0.857187
0.886006
0.909055
0.924305
0.932587
0.935209
0.9342
0.931305
0.927726
0.924147
0.920899
0.918107
0.915787
0.913901
0.912391
0.911195
0.910257
0.909526
0.90896
0.908525
0.908193
0.907944
0.907757
0.907625
0.90753
0.907472
0.907422
0.907411
0.907353
0.694792
0.754877
0.76706
0.763487
0.770243
0.779693
0.789075
0.798314
0.807403
0.816197
0.824629
0.832597
0.840038
0.846924
0.853241
0.85902
0.864328
0.869269
0.87388
0.87827
0.882418
0.886294
0.889856
0.893054
0.895849
0.89822
0.900166
0.901729
0.902965
0.903923
0.904648
0.905191
0.905582
0.905864
0.906065
0.90621
0.906309
0.906381
0.906415
0.906447
0.906393
0.695334
0.697377
0.702693
0.71052
0.721707
0.736582
0.75564
0.778954
0.806439
0.83703
0.868015
0.896178
0.917274
0.930649
0.936989
0.938045
0.935935
0.932337
0.928331
0.924497
0.921099
0.918219
0.915847
0.913931
0.912404
0.911199
0.910256
0.909524
0.908958
0.908524
0.908193
0.907944
0.907758
0.907625
0.907529
0.907471
0.907421
0.90741
0.907351
0.688078
0.694792
0.759089
0.768239
0.766644
0.772693
0.782335
0.791942
0.801358
0.810473
0.819237
0.82755
0.835359
0.842637
0.849382
0.85562
0.861433
0.866867
0.872022
0.876894
0.881467
0.885704
0.889549
0.892954
0.895882
0.898325
0.900302
0.901876
0.903105
0.904044
0.904757
0.905287
0.905675
0.905949
0.906142
0.906279
0.90637
0.906435
0.906462
0.906491
0.906428
0.695274
0.698277
0.705359
0.714376
0.726703
0.742915
0.763253
0.787948
0.816772
0.848209
0.879347
0.906255
0.925433
0.936708
0.941064
0.940608
0.937476
0.933242
0.928853
0.924794
0.921264
0.918308
0.915891
0.91395
0.91241
0.911198
0.910254
0.909522
0.908957
0.908524
0.908193
0.907944
0.907758
0.907624
0.907529
0.907471
0.90742
0.90741
0.907349
0.687015
0.688078
0.701687
0.757794
0.769696
0.770062
0.77603
0.785527
0.795279
0.80473
0.813841
0.82252
0.830703
0.838387
0.845569
0.852294
0.858607
0.864608
0.870292
0.875648
0.880651
0.885243
0.889358
0.892949
0.895987
0.898476
0.900476
0.90205
0.903262
0.904179
0.90487
0.905384
0.90576
0.90603
0.906216
0.906345
0.90643
0.90649
0.906511
0.906537
0.906467
0.695997
0.700684
0.708959
0.719025
0.732589
0.749996
0.771644
0.797787
0.827891
0.860023
0.89103
0.916214
0.933361
0.942399
0.944787
0.942899
0.938831
0.934025
0.929298
0.925041
0.921396
0.918374
0.91592
0.91396
0.912409
0.911195
0.910251
0.909521
0.908957
0.908525
0.908194
0.907944
0.907757
0.907624
0.907528
0.90747
0.907419
0.907409
0.907347
0.68749
0.687015
0.695334
0.703799
0.758037
0.771866
0.774074
0.780183
0.789393
0.799091
0.808514
0.81754
0.826094
0.834185
0.841827
0.849041
0.855923
0.862489
0.868711
0.874563
0.879997
0.884928
0.889292
0.89304
0.896156
0.898681
0.900688
0.902245
0.90343
0.904326
0.904992
0.905483
0.905843
0.906102
0.906283
0.906407
0.906487
0.906542
0.906559
0.906583
0.906508
0.698072
0.704037
0.713321
0.724546
0.739207
0.757808
0.780876
0.808483
0.839844
0.872518
0.902847
0.926196
0.941039
0.947698
0.948147
0.944925
0.940008
0.934693
0.929668
0.925239
0.921496
0.918418
0.915935
0.913959
0.912405
0.911191
0.910249
0.909521
0.908958
0.908526
0.908195
0.907944
0.907757
0.907623
0.907527
0.907469
0.907418
0.907408
0.907345
0.689409
0.687491
0.695274
0.697728
0.707272
0.756782
0.773188
0.778305
0.785056
0.793954
0.803395
0.812662
0.821551
0.830053
0.838151
0.84592
0.85339
0.860538
0.867316
0.873674
0.879525
0.884777
0.889358
0.893225
0.896393
0.898937
0.900932
0.902461
0.903617
0.904481
0.905119
0.905586
0.905925
0.90617
0.906343
0.906464
0.906539
0.906591
0.906605
0.906628
0.90655
0.70137
0.708183
0.718552
0.730786
0.746493
0.766437
0.790974
0.820069
0.852502
0.885623
0.914694
0.935972
0.948313
0.952539
0.951159
0.946693
0.941014
0.93525
0.929966
0.925389
0.921563
0.918441
0.915936
0.913954
0.912399
0.911189
0.910249
0.909522
0.90896
0.908527
0.908195
0.907944
0.907756
0.907622
0.907526
0.907468
0.907417
0.907407
0.907343
0.692303
0.689409
0.695997
0.697377
0.701759
0.711223
0.75619
0.774241
0.781968
0.789834
0.798724
0.807941
0.817081
0.825969
0.834589
0.842949
0.851038
0.8588
0.866153
0.87301
0.879262
0.884803
0.889554
0.893499
0.896704
0.899243
0.901209
0.902696
0.903816
0.904645
0.905252
0.905692
0.906009
0.906237
0.906399
0.906513
0.906586
0.906637
0.906648
0.906671
0.906591
0.70536
0.713191
0.724528
0.737687
0.754564
0.77591
0.801974
0.832638
0.866075
0.899116
0.926658
0.945552
0.955113
0.956932
0.953807
0.948212
0.941858
0.935702
0.930194
0.925492
0.921601
0.918444
0.91593
0.913947
0.912396
0.911189
0.910251
0.909524
0.908961
0.908527
0.908194
0.907943
0.907755
0.90762
0.907524
0.907466
0.907416
0.907406
0.90734
0.695927
0.692303
0.698072
0.698277
0.701579
0.706199
0.716672
0.755731
0.77458
0.784711
0.793859
0.803157
0.812575
0.821934
0.831144
0.84015
0.848918
0.857327
0.865263
0.872608
0.879234
0.885006
0.889871
0.893876
0.897083
0.899593
0.901504
0.902953
0.904027
0.904816
0.905388
0.9058
0.906094
0.906304
0.906453
0.906559
0.906628
0.906677
0.906688
0.906711
0.906631
0.710175
0.718901
0.73111
0.745309
0.763451
0.786259
0.813991
0.846124
0.880462
0.912911
0.93852
0.954706
0.96138
0.960848
0.956098
0.949493
0.942546
0.936051
0.930355
0.925553
0.921609
0.918437
0.91592
0.913942
0.912396
0.911191
0.910254
0.909526
0.908961
0.908526
0.908192
0.907941
0.907753
0.907619
0.907522
0.907465
0.907414
0.907405
0.907338
0.700385
0.695927
0.70137
0.700684
0.702693
0.706243
0.712268
0.723916
0.756227
0.775189
0.787234
0.79769
0.807837
0.817873
0.827822
0.837588
0.847101
0.85618
0.864695
0.872511
0.879441
0.885375
0.890329
0.894346
0.897527
0.899977
0.901836
0.903226
0.904249
0.904993
0.905528
0.90591
0.906181
0.906373
0.906507
0.906603
0.906665
0.906712
0.906723
0.906748
0.906667
0.715716
0.725189
0.738373
0.753734
0.773186
0.797583
0.827026
0.860546
0.89554
0.926992
0.950291
0.963339
0.96705
0.964276
0.958042
0.950545
0.943085
0.936302
0.930453
0.925571
0.921602
0.918425
0.915914
0.913942
0.912399
0.911195
0.910256
0.909526
0.90896
0.908524
0.90819
0.907939
0.907751
0.907617
0.90752
0.907463
0.907412
0.907403
0.907336
0.705537
0.700385
0.70536
0.704037
0.705359
0.707602
0.712616
0.72021
0.733101
0.759063
0.777389
0.790801
0.802605
0.813744
0.824691
0.835354
0.845663
0.85543
0.864516
0.872721
0.87987
0.885931
0.890916
0.894911
0.898028
0.9004
0.90219
0.903514
0.90448
0.905175
0.90567
0.906021
0.906267
0.906441
0.906561
0.906646
0.906702
0.906744
0.906754
0.90678
0.906701
0.721823
0.732146
0.74643
0.762953
0.783835
0.809921
0.841246
0.87612
0.91129
0.941157
0.961642
0.971344
0.97209
0.967221
0.959653
0.951377
0.943478
0.936462
0.930489
0.925568
0.921587
0.918418
0.915914
0.913947
0.912405
0.911198
0.910257
0.909524
0.908957
0.908521
0.908187
0.907936
0.907748
0.907614
0.907518
0.907461
0.90741
0.907401
0.907333
0.711211
0.705537
0.710175
0.708183
0.708959
0.71052
0.714286
0.720893
0.730233
0.744245
0.76509
0.782651
0.796773
0.809695
0.8219
0.833579
0.844717
0.855156
0.864725
0.873232
0.880554
0.886667
0.891633
0.895555
0.898568
0.900862
0.902566
0.903815
0.904717
0.905359
0.905813
0.906132
0.906354
0.906509
0.906615
0.90669
0.906738
0.906774
0.906781
0.906808
0.906731
0.728563
0.739858
0.755236
0.773061
0.795562
0.823488
0.856647
0.892741
0.927545
0.955375
0.972475
0.978597
0.976496
0.96968
0.960942
0.951997
0.943738
0.936532
0.930494
0.925551
0.921578
0.918418
0.91592
0.913954
0.912409
0.911199
0.910254
0.90952
0.908952
0.908516
0.908183
0.907932
0.907745
0.907611
0.907515
0.907458
0.907408
0.907399
0.90733
0.717498
0.711211
0.715716
0.713191
0.713321
0.714376
0.717529
0.72294
0.731202
0.742278
0.757117
0.774995
0.791429
0.806159
0.819679
0.832396
0.844336
0.855375
0.865355
0.87408
0.88148
0.887578
0.892462
0.896259
0.899171
0.901353
0.902961
0.904126
0.904959
0.905546
0.905958
0.906244
0.906441
0.906577
0.906669
0.906733
0.906773
0.906805
0.906807
0.906833
0.906757
0.736069
0.748284
0.764895
0.784175
0.808415
0.838321
0.873245
0.910337
0.944208
0.969277
0.982583
0.985037
0.980233
0.971676
0.96192
0.952421
0.943868
0.936554
0.930477
0.92554
0.921578
0.918425
0.91593
0.913959
0.91241
0.911195
0.910248
0.909514
0.908946
0.908511
0.908178
0.907928
0.907742
0.907608
0.907512
0.907456
0.907405
0.907396
0.907327
0.724495
0.717498
0.721823
0.718901
0.718552
0.719025
0.721707
0.726579
0.733719
0.743611
0.75627
0.77152
0.787965
0.803744
0.818367
0.832012
0.844648
0.856185
0.866426
0.875259
0.882644
0.888651
0.893391
0.897042
0.899815
0.901871
0.90337
0.904444
0.905203
0.905735
0.906102
0.906355
0.906527
0.906644
0.906722
0.906776
0.906809
0.906834
0.906833
0.906857
0.906781
0.744254
0.757519
0.77551
0.796333
0.822495
0.854611
0.891298
0.928816
0.961109
0.982676
0.991751
0.990628
0.983301
0.973217
0.962609
0.952654
0.943923
0.936541
0.930465
0.92554
0.921587
0.918437
0.915936
0.91396
0.912404
0.911186
0.910239
0.909505
0.908938
0.908504
0.908173
0.907924
0.907738
0.907605
0.907509
0.907453
0.907402
0.907393
0.907324
0.732112
0.724495
0.728563
0.725189
0.724528
0.724546
0.726703
0.731151
0.737818
0.746712
0.758153
0.772005
0.787445
0.803199
0.818395
0.832633
0.845761
0.857581
0.86795
0.876756
0.884035
0.889865
0.894402
0.897888
0.900496
0.90241
0.903789
0.904766
0.90545
0.905923
0.906246
0.906465
0.906612
0.90671
0.906774
0.906818
0.906843
0.906864
0.906859
0.906881
0.906803
0.753221
0.767657
0.787126
0.809684
0.838059
0.872345
0.91069
0.948152
0.977915
0.995267
0.999898
0.995303
0.985719
0.974332
0.963017
0.952771
0.943923
0.93653
0.930465
0.925551
0.921602
0.918444
0.915935
0.91395
0.912391
0.911173
0.910226
0.909493
0.908929
0.908496
0.908166
0.907918
0.907733
0.907601
0.907505
0.90745
0.907399
0.90739
0.90732
0.740453
0.732112
0.736069
0.732146
0.73111
0.730786
0.732589
0.736582
0.742851
0.751313
0.761917
0.774711
0.789317
0.804695
0.819896
0.834362
0.847678
0.85959
0.869894
0.878565
0.885616
0.891181
0.895512
0.898784
0.901207
0.902964
0.904215
0.905091
0.905697
0.906111
0.906389
0.906574
0.906696
0.906775
0.906826
0.906859
0.906877
0.906893
0.906885
0.906904
0.906825
0.763067
0.778745
0.799877
0.824484
0.855301
0.891851
0.931576
0.96798
0.994259
1.00675
1.00688
0.999055
0.987511
0.975032
0.963245
0.952801
0.943917
0.93653
0.930477
0.925568
0.921609
0.918441
0.91592
0.913931
0.91237
0.911154
0.910209
0.909479
0.908917
0.908487
0.908159
0.907912
0.907728
0.907597
0.907501
0.907446
0.907395
0.907386
0.907315
0.749613
0.740453
0.744254
0.739858
0.738373
0.737687
0.739207
0.742915
0.748799
0.756869
0.767051
0.779176
0.792984
0.807808
0.822782
0.837144
0.850397
0.862151
0.872256
0.880625
0.887333
0.892637
0.89669
0.899723
0.90194
0.903527
0.904644
0.905416
0.905943
0.906296
0.90653
0.906681
0.906778
0.906839
0.906876
0.906899
0.90691
0.906921
0.90691
0.906927
0.906847
0.773838
0.79089
0.814034
0.840947
0.874375
0.913272
0.953623
0.988019
1.00974
1.01687
1.0126
1.00191
0.98869
0.975453
0.963334
0.952807
0.943917
0.936541
0.930494
0.925571
0.921601
0.918418
0.915891
0.913901
0.912343
0.911129
0.910189
0.909463
0.908904
0.908476
0.90815
0.907906
0.907723
0.907592
0.907497
0.907442
0.907391
0.907382
0.907311
0.759622
0.749613
0.753221
0.748284
0.74643
0.745309
0.746493
0.749996
0.75564
0.763384
0.773177
0.784859
0.798093
0.812321
0.826841
0.84089
0.85381
0.865246
0.874942
0.882867
0.889242
0.894185
0.897928
0.900693
0.902686
0.904095
0.905073
0.90574
0.906187
0.90648
0.906668
0.906787
0.906859
0.906901
0.906925
0.906939
0.906942
0.906948
0.906935
0.90695
0.906868
0.785617
0.804367
0.82981
0.859298
0.895478
0.9365
0.976705
1.00771
1.02389
1.02542
1.01707
1.00386
0.989437
0.975648
0.963364
0.952807
0.943923
0.936554
0.930489
0.925553
0.921563
0.918374
0.915847
0.91386
0.912307
0.9111
0.910165
0.909444
0.908889
0.908464
0.908141
0.907898
0.907716
0.907587
0.907492
0.907438
0.907387
0.907378
0.907306
0.770506
0.759622
0.763067
0.757519
0.755236
0.753734
0.754564
0.757808
0.763253
0.77077
0.780259
0.79154
0.804269
0.817945
0.831931
0.84543
0.857868
0.868747
0.87787
0.885358
0.89127
0.895814
0.899208
0.90168
0.903438
0.904664
0.905501
0.90606
0.906427
0.90666
0.906804
0.906889
0.906936
0.906961
0.906972
0.906976
0.906973
0.906975
0.906959
0.906972
0.90689
0.798672
0.819397
0.847456
0.879903
0.918951
0.961582
1.00029
1.02648
1.03622
1.03228
1.02025
1.00515
0.98982
0.975727
0.963364
0.952801
0.943923
0.936532
0.930453
0.925492
0.921496
0.918308
0.915787
0.913809
0.912265
0.911065
0.910137
0.909422
0.908872
0.908451
0.90813
0.90789
0.90771
0.907581
0.907487
0.907433
0.907382
0.907373
0.9073
0.782591
0.770506
0.773838
0.767657
0.764895
0.762953
0.763451
0.766437
0.771644
0.778954
0.78819
0.799114
0.811356
0.824491
0.837816
0.850683
0.862395
0.872544
0.881101
0.888004
0.893404
0.897497
0.900512
0.902676
0.904191
0.90523
0.905924
0.906376
0.906663
0.906836
0.906935
0.906988
0.907011
0.907018
0.907017
0.907013
0.907004
0.907002
0.906983
0.906995
0.906911
0.813233
0.836231
0.867344
0.902898
0.944905
0.988142
1.02374
1.04355
1.04646
1.03732
1.02241
1.00585
0.989985
0.975727
0.963334
0.952771
0.943868
0.936462
0.930355
0.925389
0.921396
0.918219
0.915711
0.913746
0.912214
0.911025
0.910106
0.909397
0.908853
0.908436
0.908119
0.907881
0.907702
0.907575
0.907481
0.907427
0.907377
0.907368
0.907294
0.79606
0.782591
0.785617
0.778745
0.77551
0.773061
0.773186
0.77591
0.780876
0.787948
0.796921
0.807476
0.81926
0.831771
0.844407
0.85643
0.867265
0.876702
0.884527
0.890783
0.895608
0.899215
0.901827
0.903673
0.90494
0.90579
0.906341
0.906686
0.906891
0.907005
0.907061
0.907081
0.907082
0.907074
0.907061
0.907049
0.907034
0.907028
0.907006
0.907016
0.906931
0.829539
0.855253
0.889822
0.928829
0.973249
1.01568
1.04607
1.05826
1.05426
1.04083
1.02362
1.00616
0.989985
0.975648
0.963245
0.952654
0.943738
0.936302
0.930194
0.925239
0.921264
0.918107
0.91562
0.913672
0.912156
0.91098
0.91007
0.90937
0.908831
0.90842
0.908106
0.90787
0.907694
0.907568
0.907474
0.907421
0.907371
0.907362
0.907287
0.811154
0.79606
0.798672
0.79089
0.787126
0.784175
0.783835
0.78626
0.790974
0.797787
0.806439
0.816604
0.827856
0.839724
0.851491
0.862542
0.87253
0.881087
0.888112
0.893647
0.897855
0.900945
0.903143
0.904664
0.90568
0.906341
0.906748
0.906985
0.907112
0.907166
0.90718
0.907172
0.907152
0.907129
0.907105
0.907085
0.907064
0.907054
0.907029
0.907037
0.906952
0.847965
0.876868
0.915406
0.957802
1.00367
1.04312
1.06623
1.06992
1.05981
1.04289
1.02419
1.00616
0.98982
0.975453
0.963017
0.952421
0.943478
0.936051
0.929966
0.925041
0.921099
0.917972
0.915512
0.913587
0.912089
0.910928
0.910031
0.909339
0.908808
0.908402
0.908092
0.907859
0.907685
0.90756
0.907468
0.907415
0.907365
0.907356
0.907281
0.828264
0.811154
0.813233
0.804367
0.799877
0.796333
0.795562
0.797583
0.801974
0.808483
0.816772
0.82644
0.83713
0.848164
0.85894
0.869064
0.878049
0.885653
0.891795
0.896562
0.900117
0.902673
0.904448
0.905642
0.906408
0.906874
0.907139
0.90727
0.907319
0.90732
0.907297
0.907261
0.907221
0.907183
0.907147
0.907119
0.907092
0.907078
0.907051
0.907057
0.906971
0.868928
0.901539
0.944335
0.989858
1.03541
1.06916
1.0829
1.07849
1.06318
1.04387
1.02419
1.00585
0.989437
0.975032
0.962609
0.951997
0.943085
0.935702
0.929668
0.924794
0.920899
0.917813
0.915386
0.91349
0.912014
0.91087
0.909986
0.909306
0.908782
0.908382
0.908077
0.907847
0.907675
0.907552
0.90746
0.907408
0.907358
0.907349
0.907273
0.847832
0.828264
0.829539
0.819397
0.814034
0.809684
0.808415
0.809921
0.813991
0.820069
0.827891
0.83703
0.846926
0.856993
0.866819
0.87586
0.883763
0.890324
0.895536
0.899494
0.90237
0.904385
0.905735
0.906593
0.907106
0.907385
0.907509
0.90754
0.907521
0.907472
0.907412
0.907348
0.907288
0.907234
0.907187
0.907151
0.907119
0.907102
0.907073
0.907077
0.906991
0.892985
0.929725
0.976862
1.02449
1.06687
1.09188
1.09563
1.08382
1.0648
1.04387
1.02362
1.00515
0.98869
0.974332
0.96192
0.951377
0.942546
0.93525
0.929298
0.924497
0.920663
0.917629
0.915243
0.913379
0.91193
0.910806
0.909937
0.909268
0.908754
0.90836
0.90806
0.907834
0.907665
0.907543
0.907452
0.907401
0.907351
0.907342
0.907265
0.870414
0.847832
0.847965
0.836231
0.82981
0.824484
0.822495
0.823488
0.827026
0.832638
0.839844
0.848209
0.857187
0.866303
0.875009
0.882872
0.889596
0.89506
0.89929
0.902408
0.904598
0.906057
0.906972
0.907506
0.90777
0.907866
0.907864
0.907806
0.907719
0.907621
0.907523
0.907432
0.907351
0.907283
0.907226
0.907183
0.907146
0.907125
0.907094
0.907097
0.90701
0.92071
0.962433
1.01306
1.0603
1.09623
1.10981
1.10379
1.08641
1.0648
1.04289
1.02241
1.00386
0.987511
0.973217
0.960942
0.950545
0.941858
0.934693
0.928853
0.924147
0.92039
0.917418
0.915081
0.913256
0.911836
0.910735
0.909884
0.909228
0.908723
0.908337
0.908042
0.90782
0.907653
0.907534
0.907444
0.907393
0.907344
0.907335
0.907257
0.896808
0.870414
0.868928
0.855253
0.847456
0.840947
0.838059
0.838321
0.841246
0.846124
0.852502
0.860023
0.868015
0.875998
0.883456
0.890022
0.89549
0.8998
0.903008
0.905258
0.906745
0.90766
0.90815
0.908362
0.908399
0.908335
0.908213
0.908065
0.907911
0.907763
0.907629
0.907512
0.907412
0.90733
0.907263
0.907213
0.907171
0.907147
0.907114
0.907115
0.907028
0.952058
0.999385
1.05186
1.0955
1.11989
1.12193
1.10785
1.08641
1.06318
1.04083
1.02025
1.00191
0.985719
0.971676
0.959653
0.949493
0.941014
0.934025
0.928331
0.923741
0.920078
0.917179
0.9149
0.913118
0.911732
0.910656
0.909825
0.909183
0.908689
0.908311
0.908022
0.907804
0.907641
0.907523
0.907434
0.907384
0.907336
0.907326
0.907248
0.928106
0.896808
0.892985
0.876868
0.867344
0.859298
0.855301
0.854611
0.856647
0.860546
0.866075
0.872518
0.879347
0.886006
0.892062
0.89723
0.901357
0.904437
0.906593
0.907988
0.908785
0.909165
0.909264
0.909196
0.90902
0.908795
0.908553
0.908314
0.908094
0.907899
0.90773
0.907587
0.907469
0.907375
0.907298
0.907242
0.907195
0.907168
0.907133
0.907133
0.907046
0.989053
1.04051
1.09147
1.12546
1.13673
1.12804
1.10785
1.08382
1.05981
1.03732
1.01707
0.999055
0.983301
0.96968
0.958042
0.948212
0.940008
0.933242
0.927726
0.923278
0.919725
0.916911
0.914697
0.912966
0.911617
0.91057
0.90976
0.909134
0.908652
0.908283
0.908001
0.907788
0.907627
0.907512
0.907424
0.907375
0.907327
0.907318
0.907238
0.964644
0.928106
0.92071
0.901539
0.889822
0.879903
0.874375
0.872345
0.873245
0.87612
0.880462
0.885623
0.89103
0.896178
0.90067
0.90431
0.907033
0.908867
0.909993
0.910557
0.910724
0.910631
0.910365
0.91001
0.909623
0.909237
0.908876
0.908552
0.908269
0.908027
0.907826
0.90766
0.907524
0.907417
0.907332
0.907269
0.907218
0.907188
0.907152
0.90715
0.907063
1.03101
1.08328
1.12734
1.14725
1.1456
1.12804
1.10379
1.07849
1.05426
1.03228
1.0126
0.995303
0.980233
0.967221
0.956098
0.946693
0.938831
0.932337
0.927035
0.922753
0.919328
0.916612
0.914473
0.912798
0.911491
0.910476
0.909689
0.909081
0.908613
0.908253
0.907977
0.907769
0.907612
0.9075
0.907414
0.907365
0.907317
0.907308
0.907228
1.00661
0.964644
0.952058
0.929725
0.915406
0.902898
0.895478
0.891851
0.891298
0.892741
0.89554
0.899116
0.902847
0.906255
0.909055
0.91111
0.912422
0.913085
0.913274
0.913079
0.912635
0.912059
0.911427
0.910795
0.910197
0.909657
0.909184
0.908776
0.908434
0.90815
0.907917
0.907728
0.907576
0.907458
0.907363
0.907295
0.907239
0.907207
0.907169
0.907167
0.90708
1.07682
1.12545
1.15351
1.15963
1.1456
1.12193
1.09563
1.06992
1.04646
1.02542
1.00688
0.990628
0.976496
0.964276
0.953807
0.944925
0.937476
0.931305
0.926253
0.922163
0.918885
0.91628
0.914225
0.912613
0.911353
0.910373
0.909613
0.909024
0.908569
0.90822
0.907952
0.90775
0.907596
0.907487
0.907402
0.907354
0.907307
0.907299
0.907217
1.05351
1.00661
0.989052
0.962433
0.944335
0.928829
0.918951
0.913272
0.91069
0.910337
0.91129
0.912911
0.914694
0.916214
0.917274
0.917783
0.917744
0.917268
0.916481
0.915519
0.914477
0.913433
0.91244
0.911537
0.910742
0.910054
0.909474
0.90899
0.908591
0.908265
0.908003
0.907792
0.907625
0.907496
0.907394
0.90732
0.90726
0.907225
0.907187
0.907183
0.907096
1.12373
1.1564
1.16922
1.15963
1.13673
1.10981
1.0829
1.05826
1.03622
1.01687
0.999898
0.985037
0.97209
0.960848
0.951159
0.942899
0.935935
0.93014
0.925375
0.921505
0.918394
0.915914
0.913953
0.91241
0.911203
0.910262
0.90953
0.908962
0.908523
0.908185
0.907925
0.907729
0.907579
0.907473
0.90739
0.907343
0.907297
0.907288
0.907206
1.10363
1.05351
1.03101
0.999385
0.976862
0.957802
0.944905
0.9365
0.931576
0.928816
0.927545
0.926992
0.926658
0.926196
0.925433
0.924305
0.922892
0.921283
0.919573
0.917862
0.916226
0.914728
0.913395
0.912237
0.911251
0.910429
0.909747
0.909189
0.908738
0.908374
0.908083
0.907853
0.907672
0.907532
0.907422
0.907343
0.90728
0.907243
0.907203
0.907199
0.907112
1.1585
1.17619
1.16922
1.14725
1.11989
1.09188
1.06623
1.04355
1.02389
1.00675
0.991751
0.978597
0.96705
0.956932
0.948147
0.940608
0.9342
0.928835
0.924397
0.920776
0.917851
0.915512
0.913654
0.91219
0.91104
0.910141
0.90944
0.908895
0.908472
0.908147
0.907896
0.907706
0.907561
0.907458
0.907377
0.907331
0.907285
0.907277
0.907194
1.14132
1.10363
1.07682
1.04051
1.01306
0.989858
0.973248
0.961582
0.953623
0.948152
0.944208
0.941157
0.93852
0.935972
0.933361
0.930649
0.927877
0.925134
0.922502
0.920064
0.91787
0.915944
0.914286
0.912892
0.911732
0.910778
0.910003
0.909377
0.908875
0.908476
0.908159
0.90791
0.907715
0.907565
0.907449
0.907366
0.907299
0.90726
0.907218
0.907213
0.907127
1.17908
1.17619
1.15351
1.12546
1.09623
1.06916
1.04607
1.02648
1.00974
0.995267
0.982583
0.971344
0.96138
0.952539
0.944787
0.938045
0.932263
0.927384
0.923314
0.919971
0.917254
0.915071
0.913329
0.911949
0.910862
0.910009
0.909342
0.908822
0.908418
0.908106
0.907865
0.907681
0.907542
0.907442
0.907363
0.907318
0.907273
0.907266
0.907182
1.16665
1.14132
1.12373
1.08328
1.05186
1.02449
1.00367
0.988142
0.976705
0.96798
0.961109
0.955375
0.950291
0.945552
0.941039
0.936708
0.932587
0.928745
0.925242
0.922124
0.919396
0.917075
0.915121
0.913502
0.912178
0.911104
0.910241
0.909552
0.909004
0.908571
0.908231
0.907964
0.907756
0.907597
0.907474
0.907386
0.907316
0.907276
0.907233
0.907227
0.907142
1.17908
1.1564
1.12734
1.0955
1.06687
1.04312
1.02374
1.00771
0.994259
0.982676
0.972475
0.963339
0.955113
0.947698
0.941064
0.935209
0.930129
0.925781
0.922123
0.919089
0.916602
0.91459
0.912975
0.911689
0.910671
0.909868
0.909238
0.908745
0.90836
0.908062
0.907831
0.907655
0.907521
0.907424
0.907349
0.907305
0.907261
0.907253
0.907169
1.16665
1.1585
1.12545
1.09147
1.0603
1.03541
1.01568
1.00029
0.988019
0.977915
0.969277
0.961642
0.954706
0.948313
0.942399
0.936989
0.932115
0.927783
0.924027
0.920819
0.918122
0.915892
0.914068
0.912592
0.911407
0.910464
0.909716
0.909125
0.908661
0.908297
0.908015
0.907795
0.907627
0.907498
0.907406
0.907333
0.907291
0.907247
0.907241
0.907156
)
;

boundaryField
{
    front
    {
        type            empty;
    }
    back
    {
        type            empty;
    }
    airfoil
    {
        type            calculated;
        value           nonuniform List<scalar> 
120
(
0.953265
0.944302
0.930065
0.918661
0.908812
0.900084
0.892094
0.884655
0.877616
0.870819
0.864206
0.85768
0.851237
0.844783
0.838318
0.831819
0.825251
0.818591
0.811857
0.805002
0.798055
0.790995
0.783815
0.776738
0.76943
0.761024
0.75562
0.760811
0.754881
0.694792
0.688078
0.687015
0.68749
0.689409
0.692303
0.695927
0.700385
0.705537
0.711211
0.717498
0.724495
0.732112
0.740453
0.749613
0.759622
0.770506
0.782591
0.79606
0.811154
0.828264
0.847832
0.870414
0.896808
0.928106
0.964644
1.00661
1.05351
1.10363
1.14132
1.16665
1.16665
1.14132
1.10363
1.05351
1.00661
0.964644
0.928106
0.896808
0.870414
0.847832
0.828264
0.811154
0.79606
0.782591
0.770506
0.759622
0.749613
0.740453
0.732112
0.724495
0.717498
0.711211
0.705537
0.700385
0.695927
0.692303
0.689409
0.687491
0.687015
0.688078
0.694792
0.754877
0.760812
0.755621
0.761024
0.76943
0.776739
0.783815
0.790996
0.798055
0.805002
0.811858
0.818591
0.825251
0.83182
0.838319
0.844783
0.851238
0.85768
0.864206
0.87082
0.877616
0.884656
0.892094
0.900084
0.908812
0.918661
0.930065
0.944302
0.953265
)
;
    }
    freestream
    {
        type            calculated;
        value           nonuniform List<scalar> 
168
(
0.906993
0.906858
0.906765
0.906673
0.906585
0.906509
0.906449
0.906404
0.90638
0.906369
0.90637
0.906384
0.906409
0.906443
0.906482
0.906526
0.906571
0.906616
0.906659
0.906701
0.906739
0.906774
0.906805
0.906832
0.906856
0.906878
0.9069
0.906922
0.906943
0.906964
0.906985
0.907005
0.907024
0.907043
0.907062
0.90708
0.907098
0.907115
0.907131
0.907147
0.907162
0.907177
0.907191
0.907205
0.907218
0.90723
0.907242
0.907253
0.907264
0.907274
0.907284
0.907293
0.907301
0.907309
0.907317
0.907324
0.907331
0.907337
0.907342
0.907347
0.907352
0.907357
0.907361
0.907364
0.907368
0.907371
0.907374
0.907376
0.907379
0.907381
0.907383
0.907385
0.907388
0.90739
0.907392
0.907394
0.907396
0.907398
0.9074
0.907401
0.907403
0.907404
0.907404
0.907405
0.907405
0.907404
0.907404
0.907403
0.907401
0.9074
0.907398
0.907396
0.907394
0.907392
0.90739
0.907388
0.907385
0.907383
0.907381
0.907379
0.907376
0.907374
0.907371
0.907368
0.907364
0.907361
0.907357
0.907352
0.907347
0.907342
0.907337
0.907331
0.907324
0.907317
0.907309
0.907301
0.907293
0.907284
0.907274
0.907264
0.907253
0.907242
0.90723
0.907218
0.907205
0.907191
0.907177
0.907162
0.907147
0.907131
0.907115
0.907098
0.90708
0.907062
0.907043
0.907024
0.907005
0.906985
0.906964
0.906943
0.906922
0.9069
0.906878
0.906856
0.906832
0.906805
0.906774
0.906739
0.906701
0.906659
0.906616
0.906571
0.906526
0.906482
0.906443
0.906409
0.906384
0.90637
0.906369
0.90638
0.906404
0.906449
0.906509
0.906585
0.906673
0.906765
0.906858
0.906993
)
;
    }
    outlet
    {
        type            calculated;
        value           nonuniform List<scalar> 
80
(
0.907107
0.907101
0.907103
0.907101
0.9071
0.9071
0.907099
0.907099
0.907098
0.907098
0.907097
0.907097
0.907097
0.907097
0.907097
0.907097
0.907097
0.907097
0.907098
0.907098
0.907098
0.907099
0.907099
0.907099
0.907099
0.907098
0.907097
0.907095
0.907092
0.907086
0.907077
0.907066
0.907052
0.907031
0.907001
0.906952
0.906863
0.9066
0.905999
0.902472
0.902473
0.905999
0.9066
0.906863
0.906952
0.907001
0.907031
0.907052
0.907066
0.907077
0.907086
0.907092
0.907095
0.907097
0.907098
0.907099
0.907099
0.907099
0.907099
0.907098
0.907098
0.907098
0.907097
0.907097
0.907097
0.907097
0.907097
0.907097
0.907097
0.907097
0.907098
0.907098
0.907099
0.907099
0.9071
0.9071
0.907101
0.907103
0.907101
0.907107
)
;
    }
}


// ************************************************************************* //
